0 0.1
0 0.2
0 0.3
0 0.4
0 0.5
0 0.6
0 0.7
0 0.8
0 0.9
0 1.0
0 1.1
0 1.2
0 1.3
0 1.4
0 1.5
0 1.6
0 1.7
0 1.8
0 1.9
0 2.0
0 2.1
0 2.2
0 2.3
0 2.4
0 2.5
0 2.6
0 2.7
0 2.8
0 2.9
0 3.0
0 3.1
0 3.2
0 3.3
0 3.4
0 3.5
0 3.6
0 3.7
0 3.8
0 3.9
0 4.0
0 4.1
0 4.2
0 4.3
0 4.4
0 4.5
0 4.6
0 4.7
0 4.8
0 4.9
0 5.0
0 5.1
0 5.2
0 5.3
0 5.4
0 5.5
0 5.6
0 5.7
0 5.8
0 5.9
0 6.0
0 6.1
0 6.2
0 6.3
0 6.4
0 6.5
0 6.6
0 6.7
0 6.8
0 6.9
0 7.0
0 7.1
0 7.2
0 7.3
0 7.4
0 7.5
0 7.6
0 7.7
0 7.8
0 7.9
0 8.0
0 8.1
0 8.2
0 8.3
0 8.4
0 8.5
0 8.6
0 8.7
0 8.8
0 8.9
0 9.0
0 9.1
0 9.2
0 9.3
0 9.4
0 9.5
0 9.6
0 9.7
0 9.8
0 9.9
0 10.0
0 10.1
0 10.2
0 10.3
0 10.4
0 10.5
0 10.6
0 10.7
0 10.8
0 10.9
0 11.0
0 11.1
0 11.2
0 11.3
0 11.4
0 11.5
0 11.6
0 11.7
0 11.8
0 11.9
0 12.0
0 12.1
0 12.2
0 12.3
0 12.4
0 12.5
0 12.6
0 12.7
0 12.8
0 12.9
0 13.0
0 13.1
0 13.2
0 13.3
0 13.4
0 13.5
0 13.6
0 13.7
0 13.8
0 13.9
0 14.0
0 14.1
0 14.2
0 14.3
0 14.4
0 14.5
0 14.6
0 14.7
0 14.8
0 14.9
0 15.0
0 15.1
0 15.2
0 15.3
0 15.4
0 15.5
0 15.6
0 15.7
0 15.8
0 15.9
0 16.0
0 16.1
0 16.2
0 16.3
0 16.4
0 16.5
0 16.6
0 16.7
0 16.8
0 16.9
0 17.0
0 17.1
0 17.2
0 17.3
0 17.4
0 17.5
0 17.6
0 17.7
0 17.8
0 17.9
0 18.0
0 18.1
0 18.2
0 18.3
0 18.4
0 18.5
0 18.6
0 18.7
0 18.8
0 18.9
0 19.0
0 19.1
0 19.2
0 19.3
0 19.4
0 19.5
0 19.6
0 19.7
0 19.8
0 19.9
0 20.0
0 20.1
0 20.2
0 20.3
0 20.4
0 20.5
0 20.6
0 20.7
0 20.8
0 20.9
0 21.0
0 21.1
0 21.2
0 21.3
0 21.4
0 21.5
0 21.6
0 21.7
0 21.8
0 21.9
0 22.0
0 22.1
0 22.2
0 22.3
0 22.4
0 22.5
0 22.6
0 22.7
0 22.8
0 22.9
0 23.0
0 23.1
0 23.2
0 23.3
0 23.4
0 23.5
0 23.6
0 23.7
0 23.8
0 23.9
0 24.0
0 24.1
0 24.2
0 24.3
0 24.4
0 24.5
0 24.6
0 24.7
0 24.8
0 24.9
0 25.0
0 25.1
0 25.2
0 25.3
0 25.4
0 25.5
0 25.6
0 25.7
0 25.8
0 25.9
0 26.0
0 26.1
0 26.2
0 26.3
0 26.4
0 26.5
0 26.6
0 26.7
0 26.8
0 26.9
0 27.0
0 27.1
0 27.2
0 27.3
0 27.4
0 27.5
0 27.6
0 27.7
0 27.8
0 27.9
0 28.0
0 28.1
0 28.2
0 28.3
0 28.4
0 28.5
0 28.6
0 28.7
0 28.8
0 28.9
0 29.0
0 29.1
0 29.2
0 29.3
0 29.4
0 29.5
0 29.6
0 29.7
0 29.8
0 29.9
0 30.0
0 30.1
0 30.2
0 30.3
0 30.4
0 30.5
0 30.6
0 30.7
0 30.8
0 30.9
0 31.0
0 31.1
0 31.2
0 31.3
0 31.4
0 31.5
0 31.6
0 31.7
0 31.8
0 31.9
0 32.0
0 32.1
0 32.2
0 32.3
0 32.4
0 32.5
0 32.6
0 32.7
0 32.8
0 32.9
0 33.0
0 33.1
0 33.2
0 33.3
0 33.4
0 33.5
0 33.6
0 33.7
0 33.8
0 33.9
0 34.0
0 34.1
0 34.2
0 34.3
0 34.4
0 34.5
0 34.6
0 34.7
0 34.8
0 34.9
0 35.0
0 35.1
0 35.2
0 35.3
0 35.4
0 35.5
0 35.6
0 35.7
0 35.8
0 35.9
0 36.0
0 36.1
0 36.2
0 36.3
0 36.4
0 36.5
0 36.6
0 36.7
0 36.8
0 36.9
0 37.0
0 37.1
0 37.2
0 37.3
0 37.4
0 37.5
0 37.6
0 37.7
0 37.8
0 37.9
0 38.0
0 38.1
0 38.2
0 38.3
0 38.4
0 38.5
0 38.6
0 38.7
0 38.8
0 38.9
0 39.0
0 39.1
0 39.2
0 39.3
0 39.4
0 39.5
0 39.6
0 39.7
0 39.8
0 39.9
0 40.0
0 40.1
0 40.2
0 40.3
0 40.4
0 40.5
0 40.6
0 40.7
0 40.8
0 40.9
0 41.0
0 41.1
0 41.2
0 41.3
0 41.4
0 41.5
0 41.6
0 41.7
0 41.8
0 41.9
0 42.0
0 42.1
0 42.2
0 42.3
0 42.4
0 42.5
0 42.6
0 42.7
0 42.8
0 42.9
0 43.0
0 43.1
0 43.2
0 43.3
0 43.4
0 43.5
0 43.6
0 43.7
0 43.8
0 43.9
0 44.0
0 44.1
0 44.2
0 44.3
0 44.4
0 44.5
0 44.6
0 44.7
0 44.8
0 44.9
0 45.0
0 45.1
0 45.2
0 45.3
0 45.4
0 45.5
0 45.6
0 45.7
0 45.8
0 45.9
0 46.0
0 46.1
0 46.2
0 46.3
0 46.4
0 46.5
0 46.6
0 46.7
0 46.8
0 46.9
0 47.0
0 47.1
0 47.2
0 47.3
0 47.4
0 47.5
0 47.6
0 47.7
0 47.8
0 47.9
0 48.0
0 48.1
0 48.2
0 48.3
0 48.4
0 48.5
0 48.6
0 48.7
0 48.8
0 48.9
0 49.0
0 49.1
0 49.2
0 49.3
0 49.4
0 49.5
0 49.6
0 49.7
0 49.8
0 49.9
0 50.0
0 50.1
0 50.2
0 50.3
0 50.4
0 50.5
0 50.6
0 50.7
0 50.8
0 50.9
0 51.0
0 51.1
0 51.2
0 51.3
0 51.4
0 51.5
0 51.6
0 51.7
0 51.8
0 51.9
0 52.0
0 52.1
0 52.2
0 52.3
0 52.4
0 52.5
0 52.6
0 52.7
0 52.8
0 52.9
0 53.0
0 53.1
0 53.2
0 53.3
0 53.4
0 53.5
0 53.6
0 53.7
0 53.8
0 53.9
0 54.0
0 54.1
0 54.2
0 54.3
0 54.4
0 54.5
0 54.6
0 54.7
0 54.8
0 54.9
0 55.0
0 55.1
0 55.2
0 55.3
0 55.4
0 55.5
0 55.6
0 55.7
0 55.8
0 55.9
0 56.0
0 56.1
0 56.2
0 56.3
0 56.4
0 56.5
0 56.6
0 56.7
0 56.8
0 56.9
0 57.0
0 57.1
0 57.2
0 57.3
0 57.4
0 57.5
0 57.6
0 57.7
0 57.8
0 57.9
0 58.0
0 58.1
0 58.2
0 58.3
0 58.4
0 58.5
0 58.6
0 58.7
0 58.8
0 58.9
0 59.0
0 59.1
0 59.2
0 59.3
0 59.4
0 59.5
0 59.6
0 59.7
0 59.8
0 59.9
0 60.0
0 60.1
0 60.2
0 60.3
0 60.4
0 60.5
0 60.6
0 60.7
0 60.8
0 60.9
0 61.0
0 61.1
0 61.2
0 61.3
0 61.4
0 61.5
0 61.6
0 61.7
0 61.8
0 61.9
0 62.0
0 62.1
0 62.2
0 62.3
0 62.4
0 62.5
0 62.6
0 62.7
0 62.8
0 62.9
0 63.0
0 63.1
0 63.2
0 63.3
0 63.4
0 63.5
0 63.6
0 63.7
0 63.8
0 63.9
0 64.0
0 64.1
0 64.2
0 64.3
0 64.4
0 64.5
0 64.6
0 64.7
0 64.8
0 64.9
0 65.0
0 65.1
0 65.2
0 65.3
0 65.4
0 65.5
0 65.6
0 65.7
0 65.8
0 65.9
0 66.0
0 66.1
0 66.2
0 66.3
0 66.4
0 66.5
0 66.6
0 66.7
0 66.8
0 66.9
0 67.0
0 67.1
0 67.2
0 67.3
0 67.4
0 67.5
0 67.6
0 67.7
0 67.8
0 67.9
0 68.0
0 68.1
0 68.2
0 68.3
0 68.4
0 68.5
0 68.6
0 68.7
0 68.8
0 68.9
0 69.0
0 69.1
0 69.2
0 69.3
0 69.4
0 69.5
0 69.6
0 69.7
0 69.8
0 69.9
0 70.0
0 70.1
0 70.2
0 70.3
0 70.4
0 70.5
0 70.6
0 70.7
0 70.8
0 70.9
0 71.0
0 71.1
0 71.2
0 71.3
0 71.4
0 71.5
0 71.6
0 71.7
0 71.8
0 71.9
0 72.0
0 72.1
0 72.2
0 72.3
0 72.4
0 72.5
0 72.6
0 72.7
0 72.8
0 72.9
0 73.0
0 73.1
0 73.2
0 73.3
0 73.4
0 73.5
0 73.6
0 73.7
0 73.8
0 73.9
0 74.0
0 74.1
0 74.2
0 74.3
0 74.4
0 74.5
0 74.6
0 74.7
0 74.8
0 74.9
0 75.0
0 75.1
0 75.2
0 75.3
0 75.4
0 75.5
0 75.6
0 75.7
0 75.8
0 75.9
0 76.0
0 76.1
0 76.2
0 76.3
0 76.4
0 76.5
0 76.6
0 76.7
0 76.8
0 76.9
0 77.0
0 77.1
0 77.2
0 77.3
0 77.4
0 77.5
0 77.6
0 77.7
0 77.8
0 77.9
0 78.0
0 78.1
0 78.2
0 78.3
0 78.4
0 78.5
0 78.6
0 78.7
0 78.8
0 78.9
0 79.0
0 79.1
0 79.2
0 79.3
0 79.4
0 79.5
0 79.6
0 79.7
0 79.8
0 79.9
0 80.0
0 80.1
0 80.2
0 80.3
0 80.4
0 80.5
0 80.6
0 80.7
0 80.8
0 80.9
0 81.0
0 81.1
0 81.2
0 81.3
0 81.4
0 81.5
0 81.6
0 81.7
0 81.8
0 81.9
0 82.0
0 82.1
0 82.2
0 82.3
0 82.4
0 82.5
0 82.6
0 82.7
0 82.8
0 82.9
0 83.0
0 83.1
0 83.2
0 83.3
0 83.4
0 83.5
0 83.6
0 83.7
0 83.8
0 83.9
0 84.0
0 84.1
0 84.2
0 84.3
0 84.4
0 84.5
0 84.6
0 84.7
0 84.8
0 84.9
0 85.0
0 85.1
0 85.2
0 85.3
0 85.4
0 85.5
0 85.6
0 85.7
0 85.8
0 85.9
0 86.0
0 86.1
0 86.2
0 86.3
0 86.4
0 86.5
0 86.6
0 86.7
0 86.8
0 86.9
0 87.0
0 87.1
0 87.2
0 87.3
0 87.4
0 87.5
0 87.6
0 87.7
0 87.8
0 87.9
0 88.0
0 88.1
0 88.2
0 88.3
0 88.4
0 88.5
0 88.6
0 88.7
0 88.8
0 88.9
0 89.0
0 89.1
0 89.2
0 89.3
0 89.4
0 89.5
0 89.6
0 89.7
0 89.8
0 89.9
0 90.0
0 90.1
0 90.2
0 90.3
0 90.4
0 90.5
0 90.6
0 90.7
0 90.8
0 90.9
0 91.0
0 91.1
0 91.2
0 91.3
0 91.4
0 91.5
0 91.6
0 91.7
0 91.8
0 91.9
0 92.0
0 92.1
0 92.2
0 92.3
0 92.4
0 92.5
0 92.6
0 92.7
0 92.8
0 92.9
0 93.0
0 93.1
0 93.2
0 93.3
0 93.4
0 93.5
0 93.6
0 93.7
0 93.8
0 93.9
0 94.0
0 94.1
0 94.2
0 94.3
0 94.4
0 94.5
0 94.6
0 94.7
0 94.8
0 94.9
0 95.0
0 95.1
0 95.2
0 95.3
0 95.4
0 95.5
0 95.6
0 95.7
0 95.8
0 95.9
0 96.0
0 96.1
0 96.2
0 96.3
0 96.4
0 96.5
0 96.6
0 96.7
0 96.8
0 96.9
0 97.0
0 97.1
0 97.2
0 97.3
0 97.4
0 97.5
0 97.6
0 97.7
0 97.8
0 97.9
0 98.0
0 98.1
0 98.2
0 98.3
0 98.4
0 98.5
0 98.6
0 98.7
0 98.8
0 98.9
0 99.0
0 99.1
0 99.2
0 99.3
0 99.4
0 99.5
0 99.6
0 99.7
0 99.8
0 99.9
0 100.0
0 100.1
0 100.2
0 100.3
0 100.4
0 100.5
0 100.6
0 100.7
0 100.8
0 100.9
0 101.0
0 101.1
0 101.2
0 101.3
0 101.4
0 101.5
0 101.6
0 101.7
0 101.8
0 101.9
0 102.0
0 102.1
0 102.2
0 102.3
0 102.4
0 102.5
0 102.6
0 102.7
0 102.8
0 102.9
0 103.0
0 103.1
0 103.2
0 103.3
0 103.4
0 103.5
0 103.6
0 103.7
0 103.8
0 103.9
0 104.0
0 104.1
0 104.2
0 104.3
0 104.4
0 104.5
0 104.6
0 104.7
0 104.8
0 104.9
0 105.0
0 105.1
0 105.2
0 105.3
0 105.4
0 105.5
0 105.6
0 105.7
0 105.8
0 105.9
0 106.0
0 106.1
0 106.2
0 106.3
0 106.4
0 106.5
0 106.6
0 106.7
0 106.8
0 106.9
0 107.0
0 107.1
0 107.2
0 107.3
0 107.4
0 107.5
0 107.6
0 107.7
0 107.8
0 107.9
0 108.0
0 108.1
0 108.2
0 108.3
0 108.4
0 108.5
0 108.6
0 108.7
0 108.8
0 108.9
0 109.0
0 109.1
0 109.2
0 109.3
0 109.4
0 109.5
0 109.6
0 109.7
0 109.8
0 109.9
0 110.0
0 110.1
0 110.2
0 110.3
0 110.4
0 110.5
0 110.6
0 110.7
0 110.8
0 110.9
0 111.0
0 111.1
0 111.2
0 111.3
0 111.4
0 111.5
0 111.6
0 111.7
0 111.8
0 111.9
0 112.0
0 112.1
0 112.2
0 112.3
0 112.4
0 112.5
0 112.6
0 112.7
0 112.8
0 112.9
0 113.0
0 113.1
0 113.2
0 113.3
0 113.4
0 113.5
0 113.6
0 113.7
0 113.8
0 113.9
0 114.0
0 114.1
0 114.2
0 114.3
0 114.4
0 114.5
0 114.6
0 114.7
0 114.8
0 114.9
0 115.0
0 115.1
0 115.2
0 115.3
0 115.4
0 115.5
0 115.6
0 115.7
0 115.8
0 115.9
0 116.0
0 116.1
0 116.2
0 116.3
0 116.4
0 116.5
0 116.6
0 116.7
0 116.8
0 116.9
0 117.0
0 117.1
0 117.2
0 117.3
0 117.4
0 117.5
0 117.6
0 117.7
0 117.8
0 117.9
0 118.0
0 118.1
0 118.2
0 118.3
0 118.4
0 118.5
0 118.6
0 118.7
0 118.8
0 118.9
0 119.0
0 119.1
0 119.2
0 119.3
0 119.4
0 119.5
0 119.6
0 119.7
0 119.8
0 119.9
0 120.0
0 120.1
0 120.2
0 120.3
0 120.4
0 120.5
0 120.6
0 120.7
0 120.8
0 120.9
0 121.0
0 121.1
0 121.2
0 121.3
0 121.4
0 121.5
0 121.6
0 121.7
0 121.8
0 121.9
0 122.0
0 122.1
0 122.2
0 122.3
0 122.4
0 122.5
0 122.6
0 122.7
0 122.8
0 122.9
0 123.0
0 123.1
0 123.2
0 123.3
0 123.4
0 123.5
0 123.6
0 123.7
0 123.8
0 123.9
0 124.0
0 124.1
0 124.2
0 124.3
0 124.4
0 124.5
0 124.6
0 124.7
0 124.8
0 124.9
0 125.0
0 125.1
0 125.2
0 125.3
0 125.4
0 125.5
0 125.6
0 125.7
0 125.8
0 125.9
0 126.0
0 126.1
0 126.2
0 126.3
0 126.4
0 126.5
0 126.6
0 126.7
0 126.8
0 126.9
0 127.0
0 127.1
0 127.2
0 127.3
0 127.4
0 127.5
0 127.6
0 127.7
0 127.8
0 127.9
0 128.0
0 128.1
0 128.2
0 128.3
0 128.4
0 128.5
0 128.6
0 128.7
0 128.8
0 128.9
0 129.0
0 129.1
0 129.2
0 129.3
0 129.4
0 129.5
0 129.6
0 129.7
0 129.8
0 129.9
0 130.0
0 130.1
0 130.2
0 130.3
0 130.4
0 130.5
0 130.6
0 130.7
0 130.8
0 130.9
0 131.0
0 131.1
0 131.2
0 131.3
0 131.4
0 131.5
0 131.6
0 131.7
0 131.8
0 131.9
0 132.0
0 132.1
0 132.2
0 132.3
0 132.4
0 132.5
0 132.6
0 132.7
0 132.8
0 132.9
0 133.0
0 133.1
0 133.2
0 133.3
0 133.4
0 133.5
0 133.6
0 133.7
0 133.8
0 133.9
0 134.0
0 134.1
0 134.2
0 134.3
0 134.4
0 134.5
0 134.6
0 134.7
0 134.8
0 134.9
0 135.0
0 135.1
0 135.2
0 135.3
0 135.4
0 135.5
0 135.6
0 135.7
0 135.8
0 135.9
0 136.0
0 136.1
0 136.2
0 136.3
0 136.4
0 136.5
0 136.6
0 136.7
0 136.8
0 136.9
0 137.0
0 137.1
0 137.2
0 137.3
0 137.4
0 137.5
0 137.6
0 137.7
0 137.8
0 137.9
0 138.0
0 138.1
0 138.2
0 138.3
0 138.4
0 138.5
0 138.6
0 138.7
0 138.8
0 138.9
0 139.0
0 139.1
0 139.2
0 139.3
0 139.4
0 139.5
0 139.6
0 139.7
0 139.8
0 139.9
0 140.0
0 140.1
0 140.2
0 140.3
0 140.4
0 140.5
0 140.6
0 140.7
0 140.8
0 140.9
0 141.0
0 141.1
0 141.2
0 141.3
0 141.4
0 141.5
0 141.6
0 141.7
0 141.8
0 141.9
0 142.0
0 142.1
0 142.2
0 142.3
0 142.4
0 142.5
0 142.6
0 142.7
0 142.8
0 142.9
0 143.0
0 143.1
0 143.2
0 143.3
0 143.4
0 143.5
0 143.6
0 143.7
0 143.8
0 143.9
0 144.0
0 144.1
0 144.2
0 144.3
0 144.4
0 144.5
0 144.6
0 144.7
0 144.8
0 144.9
0 145.0
0 145.1
0 145.2
0 145.3
0 145.4
0 145.5
0 145.6
0 145.7
0 145.8
0 145.9
0 146.0
0 146.1
0 146.2
0 146.3
0 146.4
0 146.5
0 146.6
0 146.7
0 146.8
0 146.9
0 147.0
0 147.1
0 147.2
0 147.3
0 147.4
0 147.5
0 147.6
0 147.7
0 147.8
0 147.9
0 148.0
0 148.1
0 148.2
0 148.3
0 148.4
0 148.5
0 148.6
0 148.7
0 148.8
0 148.9
0 149.0
0 149.1
0 149.2
0 149.3
0 149.4
0 149.5
0 149.6
0 149.7
0 149.8
0 149.9
0 150.0
0 150.1
0 150.2
0 150.3
0 150.4
0 150.5
0 150.6
0 150.7
0 150.8
0 150.9
0 151.0
0 151.1
0 151.2
0 151.3
0 151.4
0 151.5
0 151.6
0 151.7
0 151.8
0 151.9
0 152.0
0 152.1
0 152.2
0 152.3
0 152.4
0 152.5
0 152.6
0 152.7
0 152.8
0 152.9
0 153.0
0 153.1
0 153.2
0 153.3
0 153.4
0 153.5
0 153.6
0 153.7
0 153.8
0 153.9
0 154.0
0 154.1
0 154.2
0 154.3
0 154.4
0 154.5
0 154.6
0 154.7
0 154.8
0 154.9
0 155.0
0 155.1
0 155.2
0 155.3
0 155.4
0 155.5
0 155.6
0 155.7
0 155.8
0 155.9
0 156.0
0 156.1
0 156.2
0 156.3
0 156.4
0 156.5
0 156.6
0 156.7
0 156.8
0 156.9
0 157.0
0 157.1
0 157.2
0 157.3
0 157.4
0 157.5
0 157.6
0 157.7
0 157.8
0 157.9
0 158.0
0 158.1
0 158.2
0 158.3
0 158.4
0 158.5
0 158.6
0 158.7
0 158.8
0 158.9
0 159.0
0 159.1
0 159.2
0 159.3
0 159.4
0 159.5
0 159.6
0 159.7
0 159.8
0 159.9
0 160.0
0 160.1
0 160.2
0 160.3
0 160.4
0 160.5
0 160.6
0 160.7
0 160.8
0 160.9
0 161.0
0 161.1
0 161.2
0 161.3
0 161.4
0 161.5
0 161.6
0 161.7
0 161.8
0 161.9
0 162.0
0 162.1
0 162.2
0 162.3
0 162.4
0 162.5
0 162.6
0 162.7
0 162.8
0 162.9
0 163.0
0 163.1
0 163.2
0 163.3
0 163.4
0 163.5
0 163.6
0 163.7
0 163.8
0 163.9
0 164.0
0 164.1
0 164.2
0 164.3
0 164.4
0 164.5
0 164.6
0 164.7
0 164.8
0 164.9
0 165.0
0 165.1
0 165.2
0 165.3
0 165.4
0 165.5
0 165.6
0 165.7
0 165.8
0 165.9
0 166.0
0 166.1
0 166.2
0 166.3
0 166.4
0 166.5
0 166.6
0 166.7
0 166.8
0 166.9
0 167.0
0 167.1
0 167.2
0 167.3
0 167.4
0 167.5
0 167.6
0 167.7
0 167.8
0 167.9
0 168.0
0 168.1
0 168.2
0 168.3
0 168.4
0 168.5
0 168.6
0 168.7
0 168.8
0 168.9
0 169.0
0 169.1
0 169.2
0 169.3
0 169.4
0 169.5
0 169.6
0 169.7
0 169.8
0 169.9
0 170.0
0 170.1
0 170.2
0 170.3
0 170.4
0 170.5
0 170.6
0 170.7
0 170.8
0 170.9
0 171.0
0 171.1
0 171.2
0 171.3
0 171.4
0 171.5
0 171.6
0 171.7
0 171.8
0 171.9
0 172.0
0 172.1
0 172.2
0 172.3
0 172.4
0 172.5
0 172.6
0 172.7
0 172.8
0 172.9
0 173.0
0 173.1
0 173.2
0 173.3
0 173.4
0 173.5
0 173.6
0 173.7
0 173.8
0 173.9
0 174.0
0 174.1
0 174.2
0 174.3
0 174.4
0 174.5
0 174.6
0 174.7
0 174.8
0 174.9
0 175.0
0 175.1
0 175.2
0 175.3
0 175.4
0 175.5
0 175.6
0 175.7
0 175.8
0 175.9
0 176.0
0 176.1
0 176.2
0 176.3
0 176.4
0 176.5
0 176.6
0 176.7
0 176.8
0 176.9
0 177.0
0 177.1
0 177.2
0 177.3
0 177.4
0 177.5
0 177.6
0 177.7
0 177.8
0 177.9
0 178.0
0 178.1
0 178.2
0 178.3
0 178.4
0 178.5
0 178.6
0 178.7
0 178.8
0 178.9
0 179.0
0 179.1
0 179.2
0 179.3
0 179.4
0 179.5
0 179.6
0 179.7
0 179.8
0 179.9
0 180.0
0 180.1
0 180.2
0 180.3
0 180.4
0 180.5
0 180.6
0 180.7
0 180.8
0 180.9
0 181.0
0 181.1
0 181.2
0 181.3
0 181.4
0 181.5
0 181.6
0 181.7
0 181.8
0 181.9
0 182.0
0 182.1
0 182.2
0 182.3
0 182.4
0 182.5
0 182.6
0 182.7
0 182.8
0 182.9
0 183.0
0 183.1
0 183.2
0 183.3
0 183.4
0 183.5
0 183.6
0 183.7
0 183.8
0 183.9
0 184.0
0 184.1
0 184.2
0 184.3
0 184.4
0 184.5
0 184.6
0 184.7
0 184.8
0 184.9
0 185.0
0 185.1
0 185.2
0 185.3
0 185.4
0 185.5
0 185.6
0 185.7
0 185.8
0 185.9
0 186.0
0 186.1
0 186.2
0 186.3
0 186.4
0 186.5
0 186.6
0 186.7
0 186.8
0 186.9
0 187.0
0 187.1
0 187.2
0 187.3
0 187.4
0 187.5
0 187.6
0 187.7
0 187.8
0 187.9
0 188.0
0 188.1
0 188.2
0 188.3
0 188.4
0 188.5
0 188.6
0 188.7
0 188.8
0 188.9
0 189.0
0 189.1
0 189.2
0 189.3
0 189.4
0 189.5
0 189.6
0 189.7
0 189.8
0 189.9
0 190.0
0 190.1
0 190.2
0 190.3
0 190.4
0 190.5
0 190.6
0 190.7
0 190.8
0 190.9
0 191.0
0 191.1
0 191.2
0 191.3
0 191.4
0 191.5
0 191.6
0 191.7
0 191.8
0 191.9
0 192.0
0 192.1
0 192.2
0 192.3
0 192.4
0 192.5
0 192.6
0 192.7
0 192.8
0 192.9
0 193.0
0 193.1
0 193.2
0 193.3
0 193.4
0 193.5
0 193.6
0 193.7
0 193.8
0 193.9
0 194.0
0 194.1
0 194.2
0 194.3
0 194.4
0 194.5
0 194.6
0 194.7
0 194.8
0 194.9
0 195.0
0 195.1
0 195.2
0 195.3
0 195.4
0 195.5
0 195.6
0 195.7
0 195.8
0 195.9
0 196.0
0 196.1
0 196.2
0 196.3
0 196.4
0 196.5
0 196.6
0 196.7
0 196.8
0 196.9
0 197.0
0 197.1
0 197.2
0 197.3
0 197.4
0 197.5
0 197.6
0 197.7
0 197.8
0 197.9
0 198.0
0 198.1
0 198.2
0 198.3
0 198.4
0 198.5
0 198.6
0 198.7
0 198.8
0 198.9
0 199.0
0 199.1
0 199.2
0 199.3
0 199.4
0 199.5
0 199.6
0 199.7
0 199.8
0 199.9
0 200.0
0 200.1
0 200.2
0 200.3
0 200.4
0 200.5
0 200.6
0 200.7
0 200.8
0 200.9
0 201.0
0 201.1
0 201.2
0 201.3
0 201.4
0 201.5
0 201.6
0 201.7
0 201.8
0 201.9
0 202.0
0 202.1
0 202.2
0 202.3
0 202.4
0 202.5
0 202.6
0 202.7
0 202.8
0 202.9
0 203.0
0 203.1
0 203.2
0 203.3
0 203.4
0 203.5
0 203.6
0 203.7
0 203.8
0 203.9
0 204.0
0 204.1
0 204.2
0 204.3
0 204.4
0 204.5
0 204.6
0 204.7
0 204.8
0 204.9
0 205.0
0 205.1
0 205.2
0 205.3
0 205.4
0 205.5
0 205.6
0 205.7
0 205.8
0 205.9
0 206.0
0 206.1
0 206.2
0 206.3
0 206.4
0 206.5
0 206.6
0 206.7
0 206.8
0 206.9
0 207.0
0 207.1
0 207.2
0 207.3
0 207.4
0 207.5
0 207.6
0 207.7
0 207.8
0 207.9
0 208.0
0 208.1
0 208.2
0 208.3
0 208.4
0 208.5
0 208.6
0 208.7
0 208.8
0 208.9
0 209.0
0 209.1
0 209.2
0 209.3
0 209.4
0 209.5
0 209.6
0 209.7
0 209.8
0 209.9
0 210.0
0 210.1
0 210.2
0 210.3
0 210.4
0 210.5
0 210.6
0 210.7
0 210.8
0 210.9
0 211.0
0 211.1
0 211.2
0 211.3
0 211.4
0 211.5
0 211.6
0 211.7
0 211.8
0 211.9
0 212.0
0 212.1
0 212.2
0 212.3
0 212.4
0 212.5
0 212.6
0 212.7
0 212.8
0 212.9
0 213.0
0 213.1
0 213.2
0 213.3
0 213.4
0 213.5
0 213.6
0 213.7
0 213.8
0 213.9
0 214.0
0 214.1
0 214.2
0 214.3
0 214.4
0 214.5
0 214.6
0 214.7
0 214.8
0 214.9
0 215.0
0 215.1
0 215.2
0 215.3
0 215.4
0 215.5
0 215.6
0 215.7
0 215.8
0 215.9
0 216.0
0 216.1
0 216.2
0 216.3
0 216.4
0 216.5
0 216.6
0 216.7
0 216.8
0 216.9
0 217.0
0 217.1
0 217.2
0 217.3
0 217.4
0 217.5
0 217.6
0 217.7
0 217.8
0 217.9
0 218.0
0 218.1
0 218.2
0 218.3
0 218.4
0 218.5
0 218.6
0 218.7
0 218.8
0 218.9
0 219.0
0 219.1
0 219.2
0 219.3
0 219.4
0 219.5
0 219.6
0 219.7
0 219.8
0 219.9
0 220.0
0 220.1
0 220.2
0 220.3
0 220.4
0 220.5
0 220.6
0 220.7
0 220.8
0 220.9
0 221.0
0 221.1
0 221.2
0 221.3
0 221.4
0 221.5
0 221.6
0 221.7
0 221.8
0 221.9
0 222.0
0 222.1
0 222.2
0 222.3
0 222.4
0 222.5
0 222.6
0 222.7
0 222.8
0 222.9
0 223.0
0 223.1
0 223.2
0 223.3
0 223.4
0 223.5
0 223.6
0 223.7
0 223.8
0 223.9
0 224.0
0 224.1
0 224.2
0 224.3
0 224.4
0 224.5
0 224.6
0 224.7
0 224.8
0 224.9
0 225.0
0 225.1
0 225.2
0 225.3
0 225.4
0 225.5
0 225.6
0 225.7
0 225.8
0 225.9
0 226.0
0 226.1
0 226.2
0 226.3
0 226.4
0 226.5
0 226.6
0 226.7
0 226.8
0 226.9
0 227.0
0 227.1
0 227.2
0 227.3
0 227.4
0 227.5
0 227.6
0 227.7
0 227.8
0 227.9
0 228.0
0 228.1
0 228.2
0 228.3
0 228.4
0 228.5
0 228.6
0 228.7
0 228.8
0 228.9
0 229.0
0 229.1
0 229.2
0 229.3
0 229.4
0 229.5
0 229.6
0 229.7
0 229.8
0 229.9
0 230.0
0 230.1
0 230.2
0 230.3
0 230.4
0 230.5
0 230.6
0 230.7
0 230.8
0 230.9
0 231.0
0 231.1
0 231.2
0 231.3
0 231.4
0 231.5
0 231.6
0 231.7
0 231.8
0 231.9
0 232.0
0 232.1
0 232.2
0 232.3
0 232.4
0 232.5
0 232.6
0 232.7
0 232.8
0 232.9
0 233.0
0 233.1
0 233.2
0 233.3
0 233.4
0 233.5
0 233.6
0 233.7
0 233.8
0 233.9
0 234.0
0 234.1
0 234.2
0 234.3
0 234.4
0 234.5
0 234.6
0 234.7
0 234.8
0 234.9
0 235.0
0 235.1
0 235.2
0 235.3
0 235.4
0 235.5
0 235.6
0 235.7
0 235.8
0 235.9
0 236.0
0 236.1
0 236.2
0 236.3
0 236.4
0 236.5
0 236.6
0 236.7
0 236.8
0 236.9
0 237.0
0 237.1
0 237.2
0 237.3
0 237.4
0 237.5
0 237.6
0 237.7
0 237.8
0 237.9
0 238.0
0 238.1
0 238.2
0 238.3
0 238.4
0 238.5
0 238.6
0 238.7
0 238.8
0 238.9
0 239.0
0 239.1
0 239.2
0 239.3
0 239.4
0 239.5
0 239.6
0 239.7
0 239.8
0 239.9
0 240.0
0 240.1
0 240.2
0 240.3
0 240.4
0 240.5
0 240.6
0 240.7
0 240.8
0 240.9
0 241.0
0 241.1
0 241.2
0 241.3
0 241.4
0 241.5
0 241.6
0 241.7
0 241.8
0 241.9
0 242.0
0 242.1
0 242.2
0 242.3
0 242.4
0 242.5
0 242.6
0 242.7
0 242.8
0 242.9
0 243.0
0 243.1
0 243.2
0 243.3
0 243.4
0 243.5
0 243.6
0 243.7
0 243.8
0 243.9
0 244.0
0 244.1
0 244.2
0 244.3
0 244.4
0 244.5
0 244.6
0 244.7
0 244.8
0 244.9
0 245.0
0 245.1
0 245.2
0 245.3
0 245.4
0 245.5
0 245.6
0 245.7
0 245.8
0 245.9
0 246.0
0 246.1
0 246.2
0 246.3
0 246.4
0 246.5
0 246.6
0 246.7
0 246.8
0 246.9
0 247.0
0 247.1
0 247.2
0 247.3
0 247.4
0 247.5
0 247.6
0 247.7
0 247.8
0 247.9
0 248.0
0 248.1
0 248.2
0 248.3
0 248.4
0 248.5
0 248.6
0 248.7
0 248.8
0 248.9
0 249.0
0 249.1
0 249.2
0 249.3
0 249.4
0 249.5
0 249.6
0 249.7
0 249.8
0 249.9
0 250.0
0 250.1
0 250.2
0 250.3
0 250.4
0 250.5
0 250.6
0 250.7
0 250.8
0 250.9
0 251.0
0 251.1
0 251.2
0 251.3
0 251.4
0 251.5
0 251.6
0 251.7
0 251.8
0 251.9
0 252.0
0 252.1
0 252.2
0 252.3
0 252.4
0 252.5
0 252.6
0 252.7
0 252.8
0 252.9
0 253.0
0 253.1
0 253.2
0 253.3
0 253.4
0 253.5
0 253.6
0 253.7
0 253.8
0 253.9
0 254.0
0 254.1
0 254.2
0 254.3
0 254.4
0 254.5
0 254.6
0 254.7
0 254.8
0 254.9
0 255.0
0 255.1
0 255.2
0 255.3
0 255.4
0 255.5
0 255.6
0 255.7
0 255.8
0 255.9
0 256.0
0 256.1
0 256.2
0 256.3
0 256.4
0 256.5
0 256.6
0 256.7
0 256.8
0 256.9
0 257.0
0 257.1
0 257.2
0 257.3
0 257.4
0 257.5
0 257.6
0 257.7
0 257.8
0 257.9
0 258.0
0 258.1
0 258.2
0 258.3
0 258.4
0 258.5
0 258.6
0 258.7
0 258.8
0 258.9
0 259.0
0 259.1
0 259.2
0 259.3
0 259.4
0 259.5
0 259.6
0 259.7
0 259.8
0 259.9
0 260.0
0 260.1
0 260.2
0 260.3
0 260.4
0 260.5
0 260.6
0 260.7
0 260.8
0 260.9
0 261.0
0 261.1
0 261.2
0 261.3
0 261.4
0 261.5
0 261.6
0 261.7
0 261.8
0 261.9
0 262.0
0 262.1
0 262.2
0 262.3
0 262.4
0 262.5
0 262.6
0 262.7
0 262.8
0 262.9
0 263.0
0 263.1
0 263.2
0 263.3
0 263.4
0 263.5
0 263.6
0 263.7
0 263.8
0 263.9
0 264.0
0 264.1
0 264.2
0 264.3
0 264.4
0 264.5
0 264.6
0 264.7
0 264.8
0 264.9
0 265.0
0 265.1
0 265.2
0 265.3
0 265.4
0 265.5
0 265.6
0 265.7
0 265.8
0 265.9
0 266.0
0 266.1
0 266.2
0 266.3
0 266.4
0 266.5
0 266.6
0 266.7
0 266.8
0 266.9
0 267.0
0 267.1
0 267.2
0 267.3
0 267.4
0 267.5
0 267.6
0 267.7
0 267.8
0 267.9
0 268.0
0 268.1
0 268.2
0 268.3
0 268.4
0 268.5
0 268.6
0 268.7
0 268.8
0 268.9
0 269.0
0 269.1
0 269.2
0 269.3
0 269.4
0 269.5
0 269.6
0 269.7
0 269.8
0 269.9
0 270.0
0 270.1
0 270.2
0 270.3
0 270.4
0 270.5
0 270.6
0 270.7
0 270.8
0 270.9
0 271.0
0 271.1
0 271.2
0 271.3
0 271.4
0 271.5
0 271.6
0 271.7
0 271.8
0 271.9
0 272.0
0 272.1
0 272.2
0 272.3
0 272.4
0 272.5
0 272.6
0 272.7
0 272.8
0 272.9
0 273.0
0 273.1
0 273.2
0 273.3
0 273.4
0 273.5
0 273.6
0 273.7
0 273.8
0 273.9
0 274.0
0 274.1
0 274.2
0 274.3
0 274.4
0 274.5
0 274.6
0 274.7
0 274.8
0 274.9
0 275.0
0 275.1
0 275.2
0 275.3
0 275.4
0 275.5
0 275.6
0 275.7
0 275.8
0 275.9
0 276.0
0 276.1
0 276.2
0 276.3
0 276.4
0 276.5
0 276.6
0 276.7
0 276.8
0 276.9
0 277.0
0 277.1
0 277.2
0 277.3
0 277.4
0 277.5
0 277.6
0 277.7
0 277.8
0 277.9
0 278.0
0 278.1
0 278.2
0 278.3
0 278.4
0 278.5
0 278.6
0 278.7
0 278.8
0 278.9
0 279.0
0 279.1
0 279.2
0 279.3
0 279.4
0 279.5
0 279.6
0 279.7
0 279.8
0 279.9
0 280.0
0 280.1
0 280.2
0 280.3
0 280.4
0 280.5
0 280.6
0 280.7
0 280.8
0 280.9
0 281.0
0 281.1
0 281.2
0 281.3
0 281.4
0 281.5
0 281.6
0 281.7
0 281.8
0 281.9
0 282.0
0 282.1
0 282.2
0 282.3
0 282.4
0 282.5
0 282.6
0 282.7
0 282.8
0 282.9
0 283.0
0 283.1
0 283.2
0 283.3
0 283.4
0 283.5
0 283.6
0 283.7
0 283.8
0 283.9
0 284.0
0 284.1
0 284.2
0 284.3
0 284.4
0 284.5
0 284.6
0 284.7
0 284.8
0 284.9
0 285.0
0 285.1
0 285.2
0 285.3
0 285.4
0 285.5
0 285.6
0 285.7
0 285.8
0 285.9
0 286.0
0 286.1
0 286.2
0 286.3
0 286.4
0 286.5
0 286.6
0 286.7
0 286.8
0 286.9
0 287.0
0 287.1
0 287.2
0 287.3
0 287.4
0 287.5
0 287.6
0 287.7
0 287.8
0 287.9
0 288.0
0 288.1
0 288.2
0 288.3
0 288.4
0 288.5
0 288.6
0 288.7
0 288.8
0 288.9
0 289.0
0 289.1
0 289.2
0 289.3
0 289.4
0 289.5
0 289.6
0 289.7
0 289.8
0 289.9
0 290.0
0 290.1
0 290.2
0 290.3
0 290.4
0 290.5
0 290.6
0 290.7
0 290.8
0 290.9
0 291.0
0 291.1
0 291.2
0 291.3
0 291.4
0 291.5
0 291.6
0 291.7
0 291.8
0 291.9
0 292.0
0 292.1
0 292.2
0 292.3
0 292.4
0 292.5
0 292.6
0 292.7
0 292.8
0 292.9
0 293.0
0 293.1
0 293.2
0 293.3
0 293.4
0 293.5
0 293.6
0 293.7
0 293.8
0 293.9
0 294.0
0 294.1
0 294.2
0 294.3
0 294.4
0 294.5
0 294.6
0 294.7
0 294.8
0 294.9
0 295.0
0 295.1
0 295.2
0 295.3
0 295.4
0 295.5
0 295.6
0 295.7
0 295.8
0 295.9
0 296.0
0 296.1
0 296.2
0 296.3
0 296.4
0 296.5
0 296.6
0 296.7
0 296.8
0 296.9
0 297.0
0 297.1
0 297.2
0 297.3
0 297.4
0 297.5
0 297.6
0 297.7
0 297.8
0 297.9
0 298.0
0 298.1
0 298.2
0 298.3
0 298.4
0 298.5
0 298.6
0 298.7
0 298.8
0 298.9
0 299.0
0 299.1
0 299.2
0 299.3
0 299.4
0 299.5
0 299.6
0 299.7
0 299.8
0 299.9
0 300.0
0 300.1
0 300.2
0 300.3
0 300.4
0 300.5
2977 300.6
2976 300.7
2975 300.8
2977 300.9
2975 301.0
2975 301.1
2977 301.2
2980 301.3
2979 301.4
2978 301.5
2977 301.6
2975 301.7
2977 301.8
2975 301.9
2978 302.0
0 302.1
0 302.2
0 302.3
0 302.4
0 302.5
0 302.6
0 302.7
2975 302.8
2972 302.9
2975 303.0
2982 303.1
2979 303.2
2977 303.3
2977 303.4
2977 303.5
2979 303.6
2977 303.7
2978 303.8
2977 303.9
2980 304.0
2975 304.1
2979 304.2
2979 304.3
2980 304.4
2977 304.5
2981 304.6
2978 304.7
2979 304.8
2980 304.9
2979 305.0
2977 305.1
2978 305.2
2976 305.3
2977 305.4
2975 305.5
2975 305.6
2979 305.7
2981 305.8
2979 305.9
2973 306.0
2980 306.1
2980 306.2
2979 306.3
2981 306.4
2984 306.5
2981 306.6
2984 306.7
2985 306.8
2984 306.9
2986 307.0
2981 307.1
2981 307.2
2981 307.3
2984 307.4
2977 307.5
2981 307.6
2984 307.7
2979 307.8
2975 307.9
2981 308.0
2977 308.1
2979 308.2
2978 308.3
2977 308.4
2981 308.5
2984 308.6
2984 308.7
2980 308.8
2981 308.9
2981 309.0
2984 309.1
2975 309.2
2979 309.3
2981 309.4
2985 309.5
2979 309.6
2979 309.7
2981 309.8
2979 309.9
2980 310.0
2984 310.1
2975 310.2
2982 310.3
2985 310.4
2985 310.5
2979 310.6
2975 310.7
2977 310.8
2979 310.9
2982 311.0
2979 311.1
2980 311.2
2975 311.3
2977 311.4
2977 311.5
2981 311.6
2980 311.7
2975 311.8
2977 311.9
2977 312.0
2981 312.1
2979 312.2
2979 312.3
2980 312.4
2981 312.5
2979 312.6
2981 312.7
2982 312.8
2979 312.9
2984 313.0
2985 313.1
2979 313.2
2980 313.3
2981 313.4
2979 313.5
2981 313.6
2980 313.7
2979 313.8
2981 313.9
2985 314.0
2979 314.1
2980 314.2
2980 314.3
2981 314.4
2975 314.5
2977 314.6
2979 314.7
2984 314.8
2985 314.9
2979 315.0
2977 315.1
2981 315.2
2979 315.3
2973 315.4
2974 315.5
2979 315.6
2982 315.7
2985 315.8
2984 315.9
2979 316.0
2981 316.1
2977 316.2
2975 316.3
2975 316.4
2979 316.5
2981 316.6
2985 316.7
2984 316.8
2979 316.9
2981 317.0
2979 317.1
2975 317.2
2981 317.3
2975 317.4
2981 317.5
2979 317.6
2984 317.7
2979 317.8
2981 317.9
2977 318.0
2973 318.1
2975 318.2
2978 318.3
2980 318.4
2979 318.5
2977 318.6
2979 318.7
2981 318.8
2977 318.9
2975 319.0
2975 319.1
2978 319.2
2980 319.3
2979 319.4
2977 319.5
2977 319.6
2981 319.7
2980 319.8
2984 319.9
2975 320.0
2979 320.1
2981 320.2
2979 320.3
2977 320.4
2983 320.5
2975 320.6
2979 320.7
2984 320.8
2975 320.9
2978 321.0
2980 321.1
2985 321.2
2981 321.3
2981 321.4
2980 321.5
2979 321.6
2977 321.7
2978 321.8
2977 321.9
2981 322.0
2985 322.1
2981 322.2
2980 322.3
2981 322.4
2979 322.5
2984 322.6
2980 322.7
2982 322.8
2988 322.9
2985 323.0
2977 323.1
2980 323.2
2980 323.3
2979 323.4
2975 323.5
2981 323.6
2981 323.7
2984 323.8
2984 323.9
2977 324.0
2980 324.1
2981 324.2
2981 324.3
2983 324.4
2974 324.5
2981 324.6
2984 324.7
2985 324.8
2979 324.9
2980 325.0
2981 325.1
2979 325.2
2981 325.3
2982 325.4
2981 325.5
2982 325.6
2985 325.7
2985 325.8
2980 325.9
2981 326.0
2981 326.1
2981 326.2
2984 326.3
2982 326.4
2988 326.5
2985 326.6
2987 326.7
2983 326.8
2980 326.9
2979 327.0
2981 327.1
2980 327.2
2981 327.3
2984 327.4
2985 327.5
2984 327.6
2981 327.7
2981 327.8
2983 327.9
2985 328.0
2984 328.1
2982 328.2
2988 328.3
2985 328.4
2985 328.5
2981 328.6
2981 328.7
2979 328.8
2981 328.9
2984 329.0
2982 329.1
2988 329.2
2985 329.3
2984 329.4
2981 329.5
2981 329.6
2979 329.7
2977 329.8
2978 329.9
2981 330.0
2988 330.1
2985 330.2
2985 330.3
2981 330.4
2981 330.5
2983 330.6
2975 330.7
2982 330.8
2982 330.9
2988 331.0
2985 331.1
2979 331.2
2980 331.3
2983 331.4
2981 331.5
2981 331.6
2980 331.7
2980 331.8
2984 331.9
2985 332.0
2977 332.1
2981 332.2
2980 332.3
2979 332.4
2984 332.5
2979 332.6
2981 332.7
2984 332.8
2985 332.9
2984 333.0
2984 333.1
2981 333.2
2981 333.3
2981 333.4
2978 333.5
2981 333.6
2988 333.7
2985 333.8
2977 333.9
2979 334.0
2981 334.1
2981 334.2
2975 334.3
2978 334.4
2978 334.5
2984 334.6
2985 334.7
2977 334.8
2980 334.9
2980 335.0
2979 335.1
2981 335.2
2974 335.3
2979 335.4
2983 335.5
2979 335.6
2977 335.7
2985 335.8
2981 335.9
2977 336.0
2981 336.1
2978 336.2
2977 336.3
2981 336.4
2985 336.5
2984 336.6
2980 336.7
2981 336.8
2981 336.9
2975 337.0
2980 337.1
2979 337.2
2982 337.3
2983 337.4
2984 337.5
2980 337.6
2981 337.7
2979 337.8
2975 337.9
2980 338.0
2977 338.1
2980 338.2
2985 338.3
2975 338.4
2975 338.5
2980 338.6
2979 338.7
2975 338.8
2975 338.9
2979 339.0
2980 339.1
2985 339.2
2979 339.3
2979 339.4
2981 339.5
2979 339.6
2977 339.7
2980 339.8
2979 339.9
2982 340.0
2985 340.1
2979 340.2
2980 340.3
2981 340.4
2979 340.5
2981 340.6
2977 340.7
2979 340.8
2984 340.9
2985 341.0
2977 341.1
2978 341.2
2981 341.3
2979 341.4
2977 341.5
2982 341.6
2979 341.7
2984 341.8
2985 341.9
2984 342.0
2980 342.1
2981 342.2
2981 342.3
2984 342.4
2979 342.5
2979 342.6
2984 342.7
2983 342.8
2985 342.9
2979 343.0
2980 343.1
2979 343.2
2980 343.3
2984 343.4
2979 343.5
2984 343.6
2985 343.7
2985 343.8
2981 343.9
2980 344.0
2983 344.1
2981 344.2
2984 344.3
2977 344.4
2984 344.5
2988 344.6
2985 344.7
2983 344.8
2981 344.9
2977 345.0
2985 345.1
2984 345.2
2981 345.3
2988 345.4
2987 345.5
2985 345.6
2983 345.7
2985 345.8
2983 345.9
2988 346.0
2979 346.1
2981 346.2
2986 346.3
2985 346.4
2984 346.5
2984 346.6
2981 346.7
2984 346.8
2975 346.9
2980 347.0
2981 347.1
2984 347.2
2985 347.3
2984 347.4
2983 347.5
2981 347.6
2983 347.7
2985 347.8
2982 347.9
2982 348.0
2988 348.1
2985 348.2
2977 348.3
2981 348.4
2980 348.5
2984 348.6
2981 348.7
2979 348.8
2983 348.9
2984 349.0
2985 349.1
2985 349.2
2983 349.3
2981 349.4
2979 349.5
2984 349.6
2984 349.7
2981 349.8
2988 349.9
2985 350.0
2985 350.1
2982 350.2
2981 350.3
2983 350.4
2983 350.5
2984 350.6
2979 350.7
2988 350.8
2985 350.9
2977 351.0
2980 351.1
2980 351.2
2982 351.3
2984 351.4
2975 351.5
2982 351.6
2984 351.7
2984 351.8
2985 351.9
2980 352.0
2989 352.1
2978 352.2
2981 352.3
2980 352.4
2982 352.5
2988 352.6
2985 352.7
2977 352.8
2980 352.9
2981 353.0
2981 353.1
2984 353.2
2980 353.3
2978 353.4
2984 353.5
2985 353.6
2985 353.7
2980 353.8
2982 353.9
2977 354.0
2979 354.1
2984 354.2
2981 354.3
2984 354.4
2985 354.5
2977 354.6
2981 354.7
2980 354.8
2979 354.9
2973 355.0
2984 355.1
2981 355.2
2981 355.3
2981 355.4
2984 355.5
2979 355.6
2981 355.7
2977 355.8
2975 355.9
2984 356.0
2979 356.1
2982 356.2
2985 356.3
2977 356.4
2979 356.5
2980 356.6
2977 356.7
2975 356.8
2978 356.9
2976 357.0
2984 357.1
2981 357.2
2979 357.3
2979 357.4
2980 357.5
2979 357.6
2981 357.7
2980 357.8
2980 357.9
2984 358.0
2979 358.1
2984 358.2
2980 358.3
2981 358.4
2979 358.5
2981 358.6
2975 358.7
2977 358.8
2984 358.9
2985 359.0
2984 359.1
2979 359.2
2980 359.3
2977 359.4
2975 359.5
2980 359.6
2981 359.7
2982 359.8
2983 359.9
2984 360.0
2978 360.1
2981 360.2
2979 360.3
2981 360.4
2980 360.5
2979 360.6
2984 360.7
2984 360.8
2977 360.9
2980 361.0
2980 361.1
2981 361.2
2981 361.3
2975 361.4
2979 361.5
2980 361.6
2985 361.7
2977 361.8
2980 361.9
2981 362.0
2979 362.1
2975 362.2
2982 362.3
2980 362.4
2988 362.5
2985 362.6
2979 362.7
2985 362.8
2985 362.9
2983 363.0
2981 363.1
2984 363.2
2981 363.3
2984 363.4
2984 363.5
2977 363.6
2980 363.7
2981 363.8
2981 363.9
2981 364.0
2980 364.1
2979 364.2
2981 364.3
2984 364.4
2981 364.5
2977 364.6
2981 364.7
2981 364.8
2975 364.9
2978 365.0
2980 365.1
2982 365.2
2985 365.3
2985 365.4
2984 365.5
2981 365.6
2979 365.7
2979 365.8
2980 365.9
2981 366.0
2985 366.1
2985 366.2
2979 366.3
2980 366.4
2981 366.5
2979 366.6
2981 366.7
2978 366.8
2979 366.9
2984 367.0
2985 367.1
2979 367.2
2980 367.3
2981 367.4
2979 367.5
2981 367.6
2978 367.7
2981 367.8
2984 367.9
2985 368.0
2985 368.1
2983 368.2
2981 368.3
2981 368.4
2977 368.5
2980 368.6
2979 368.7
2985 368.8
2985 368.9
2977 369.0
2979 369.1
2981 369.2
2981 369.3
2984 369.4
2980 369.5
2977 369.6
2984 369.7
2985 369.8
2984 369.9
2981 370.0
2981 370.1
2981 370.2
2984 370.3
2972 370.4
2979 370.5
2981 370.6
2985 370.7
2985 370.8
2980 370.9
2981 371.0
2979 371.1
2975 371.2
2980 371.3
2979 371.4
2982 371.5
2984 371.6
2984 371.7
2983 371.8
2981 371.9
2979 372.0
2975 372.1
2978 372.2
2977 372.3
2980 372.4
2984 372.5
2984 372.6
2980 372.7
2980 372.8
2979 372.9
2981 373.0
2980 373.1
2978 373.2
2984 373.3
2985 373.4
2976 373.5
2981 373.6
2980 373.7
2981 373.8
2981 373.9
2975 374.0
2981 374.1
2980 374.2
2985 374.3
2977 374.4
2977 374.5
2980 374.6
2980 374.7
2977 374.8
2975 374.9
2979 375.0
2982 375.1
2985 375.2
2979 375.3
2979 375.4
2975 375.5
2979 375.6
2977 375.7
2980 375.8
2980 375.9
2984 376.0
2985 376.1
2977 376.2
2979 376.3
2980 376.4
2979 376.5
2975 376.6
2978 376.7
2979 376.8
2980 376.9
2979 377.0
2971 377.1
2980 377.2
2981 377.3
2981 377.4
2984 377.5
2978 377.6
2978 377.7
2983 377.8
2984 377.9
2977 378.0
2977 378.1
2980 378.2
2977 378.3
2975 378.4
2984 378.5
2979 378.6
2981 378.7
2985 378.8
2979 378.9
2977 379.0
2980 379.1
2977 379.2
2984 379.3
2978 379.4
2979 379.5
2980 379.6
2979 379.7
2977 379.8
2977 379.9
2980 380.0
2977 380.1
2975 380.2
2975 380.3
2978 380.4
2980 380.5
2985 380.6
2979 380.7
2980 380.8
2981 380.9
2983 381.0
2981 381.1
2980 381.2
2981 381.3
2984 381.4
2985 381.5
2981 381.6
2980 381.7
2981 381.8
2981 381.9
2981 382.0
2982 382.1
2979 382.2
2984 382.3
2989 382.4
2977 382.5
2981 382.6
2977 382.7
2983 382.8
2977 382.9
2975 383.0
2983 383.1
2984 383.2
2987 383.3
2985 383.4
2981 383.5
2981 383.6
2979 383.7
2981 383.8
2981 383.9
2979 384.0
2984 384.1
2979 384.2
2985 384.3
2980 384.4
2980 384.5
2979 384.6
2984 384.7
2984 384.8
2982 384.9
2988 385.0
2985 385.1
2984 385.2
2983 385.3
2981 385.4
2981 385.5
2984 385.6
2980 385.7
2981 385.8
2988 385.9
2985 386.0
2984 386.1
2981 386.2
2988 386.3
2980 386.4
2984 386.5
2982 386.6
2983 386.7
2984 386.8
2985 386.9
2985 387.0
2981 387.1
2981 387.2
2981 387.3
2985 387.4
2981 387.5
2979 387.6
2984 387.7
2985 387.8
2984 387.9
2981 388.0
2981 388.1
2981 388.2
2981 388.3
2984 388.4
2986 388.5
2988 388.6
2985 388.7
2984 388.8
2980 388.9
2981 389.0
2981 389.1
2984 389.2
2978 389.3
2980 389.4
2984 389.5
2988 389.6
2985 389.7
2981 389.8
2981 389.9
2981 390.0
2975 390.1
2980 390.2
2979 390.3
2984 390.4
2985 390.5
2984 390.6
2978 390.7
2985 390.8
2981 390.9
2981 391.0
2977 391.1
2977 391.2
2984 391.3
2985 391.4
2985 391.5
2980 391.6
2981 391.7
2979 391.8
2979 391.9
2980 392.0
2979 392.1
2980 392.2
2985 392.3
2977 392.4
2978 392.5
2980 392.6
2979 392.7
2975 392.8
2975 392.9
2979 393.0
2980 393.1
2985 393.2
2977 393.3
2977 393.4
2981 393.5
2979 393.6
2981 393.7
2977 393.8
2981 393.9
2983 394.0
2985 394.1
2984 394.2
2979 394.3
2981 394.4
2979 394.5
2975 394.6
2984 394.7
2978 394.8
2980 394.9
2985 395.0
2979 395.1
2973 395.2
2980 395.3
2977 395.4
2975 395.5
2972 395.6
2979 395.7
2981 395.8
2979 395.9
2977 396.0
2977 396.1
2980 396.2
2979 396.3
2977 396.4
2980 396.5
2980 396.6
2982 396.7
2979 396.8
2984 396.9
2979 397.0
2980 397.1
2981 397.2
2975 397.3
2984 397.4
2975 397.5
2982 397.6
2985 397.7
2979 397.8
2984 397.9
2981 398.0
2977 398.1
2981 398.2
2978 398.3
2979 398.4
2980 398.5
2979 398.6
2973 398.7
2977 398.8
2981 398.9
2979 399.0
2981 399.1
2979 399.2
2979 399.3
2981 399.4
2985 399.5
2984 399.6
2978 399.7
2980 399.8
2981 399.9
2981 400.0
2984 400.1
2979 400.2
2980 400.3
2985 400.4
2985 400.5
2979 400.6
2981 400.7
2979 400.8
2984 400.9
2984 401.0
2979 401.1
2984 401.2
2987 401.3
2984 401.4
2979 401.5
2980 401.6
2979 401.7
2975 401.8
2980 401.9
2977 402.0
2982 402.1
2985 402.2
2984 402.3
2980 402.4
2974 402.5
2979 402.6
2981 402.7
2980 402.8
2983 402.9
2988 403.0
2985 403.1
2985 403.2
2981 403.3
2980 403.4
2979 403.5
2981 403.6
2984 403.7
2983 403.8
2988 403.9
2985 404.0
2985 404.1
2981 404.2
2981 404.3
2979 404.4
2984 404.5
2980 404.6
2981 404.7
2988 404.8
2985 404.9
2985 405.0
2977 405.1
2981 405.2
2981 405.3
2981 405.4
2980 405.5
2979 405.6
2982 405.7
2985 405.8
2977 405.9
2980 406.0
2981 406.1
2979 406.2
2984 406.3
2980 406.4
2980 406.5
2988 406.6
2985 406.7
2984 406.8
2982 406.9
2985 407.0
2983 407.1
2985 407.2
2984 407.3
2983 407.4
2988 407.5
2987 407.6
2984 407.7
2981 407.8
2985 407.9
2983 408.0
2985 408.1
2984 408.2
2983 408.3
2988 408.4
2986 408.5
2985 408.6
2983 408.7
2983 408.8
2983 408.9
2985 409.0
2984 409.1
2983 409.2
2984 409.3
2984 409.4
2984 409.5
2984 409.6
2985 409.7
2981 409.8
2975 409.9
2980 410.0
2980 410.1
2985 410.2
2985 410.3
2985 410.4
2976 410.5
2981 410.6
2981 410.7
2981 410.8
2980 410.9
2981 411.0
2984 411.1
2985 411.2
2987 411.3
2981 411.4
2983 411.5
2983 411.6
2981 411.7
2984 411.8
2982 411.9
2984 412.0
2985 412.1
2985 412.2
2979 412.3
2981 412.4
2979 412.5
2979 412.6
2984 412.7
2985 412.8
2984 412.9
2985 413.0
2979 413.1
2980 413.2
2981 413.3
2981 413.4
2977 413.5
2979 413.6
2981 413.7
2988 413.8
2985 413.9
2985 414.0
2980 414.1
2989 414.2
2981 414.3
2981 414.4
2980 414.5
2981 414.6
2984 414.7
2985 414.8
2985 414.9
2980 415.0
2980 415.1
2981 415.2
2981 415.3
2980 415.4
2981 415.5
2984 415.6
2985 415.7
2985 415.8
2983 415.9
2981 416.0
2979 416.1
2985 416.2
2975 416.3
2979 416.4
2981 416.5
2985 416.6
2979 416.7
2978 416.8
2981 416.9
2979 417.0
2981 417.1
2984 417.2
2985 417.3
2988 417.4
2985 417.5
2984 417.6
2980 417.7
2981 417.8
2977 417.9
2981 418.0
2980 418.1
2981 418.2
2984 418.3
2985 418.4
2984 418.5
2979 418.6
2981 418.7
2979 418.8
2981 418.9
2980 419.0
2979 419.1
2980 419.2
2985 419.3
2985 419.4
2983 419.5
2981 419.6
2978 419.7
2977 419.8
2974 419.9
2982 420.0
2984 420.1
2983 420.2
2977 420.3
2979 420.4
2981 420.5
2981 420.6
2979 420.7
2980 420.8
2980 420.9
2988 421.0
2985 421.1
2985 421.2
2980 421.3
2981 421.4
2979 421.5
2984 421.6
2984 421.7
2980 421.8
2984 421.9
2985 422.0
2977 422.1
2980 422.2
2980 422.3
2981 422.4
2979 422.5
2984 422.6
2980 422.7
2988 422.8
2979 422.9
2984 423.0
2980 423.1
2980 423.2
2984 423.3
2985 423.4
2984 423.5
2982 423.6
2988 423.7
2987 423.8
2985 423.9
2981 424.0
2985 424.1
2981 424.2
2985 424.3
2984 424.4
2979 424.5
2988 424.6
2985 424.7
2985 424.8
2981 424.9
2981 425.0
2979 425.1
2983 425.2
2984 425.3
2983 425.4
2988 425.5
2985 425.6
2985 425.7
2981 425.8
2984 425.9
2985 426.0
2979 426.1
2975 426.2
2981 426.3
2988 426.4
2985 426.5
2985 426.6
2981 426.7
2980 426.8
2979 426.9
2981 427.0
2982 427.1
2982 427.2
2988 427.3
2987 427.4
2979 427.5
2981 427.6
2981 427.7
2981 427.8
2981 427.9
2980 428.0
2981 428.1
2984 428.2
2985 428.3
2985 428.4
2980 428.5
2981 428.6
2983 428.7
2985 428.8
2984 428.9
2983 429.0
2985 429.1
2985 429.2
2985 429.3
2981 429.4
2985 429.5
2981 429.6
2981 429.7
2980 429.8
2981 429.9
2988 430.0
2985 430.1
2985 430.2
2981 430.3
2981 430.4
2979 430.5
2981 430.6
2984 430.7
2983 430.8
2988 430.9
2985 431.0
2984 431.1
2983 431.2
2981 431.3
2979 431.4
2977 431.5
2980 431.6
2979 431.7
2984 431.8
2985 431.9
2977 432.0
2981 432.1
2981 432.2
2979 432.3
2979 432.4
2984 432.5
2979 432.6
2984 432.7
2985 432.8
2985 432.9
2980 433.0
2981 433.1
2979 433.2
2981 433.3
2980 433.4
2981 433.5
2984 433.6
2985 433.7
2985 433.8
2978 433.9
2981 434.0
2979 434.1
2975 434.2
2980 434.3
2979 434.4
2984 434.5
2985 434.6
2977 434.7
2979 434.8
2980 434.9
2979 435.0
2981 435.1
2980 435.2
2983 435.3
2981 435.4
2985 435.5
2979 435.6
2979 435.7
2980 435.8
2981 435.9
2981 436.0
2980 436.1
2981 436.2
2984 436.3
2985 436.4
2977 436.5
2980 436.6
2980 436.7
2979 436.8
2977 436.9
2976 437.0
2981 437.1
2988 437.2
2985 437.3
2985 437.4
2979 437.5
2981 437.6
2979 437.7
2973 437.8
2974 437.9
2987 438.0
2984 438.1
2985 438.2
2977 438.3
2977 438.4
2980 438.5
2979 438.6
2977 438.7
2978 438.8
2979 438.9
2982 439.0
2985 439.1
2985 439.2
2981 439.3
2981 439.4
2979 439.5
2981 439.6
2984 439.7
2981 439.8
2988 439.9
2985 440.0
2977 440.1
2980 440.2
2981 440.3
2977 440.4
2981 440.5
2984 440.6
2981 440.7
2981 440.8
2985 440.9
2981 441.0
2980 441.1
2981 441.2
2979 441.3
2977 441.4
2982 441.5
2980 441.6
2984 441.7
2985 441.8
2979 441.9
2979 442.0
2980 442.1
2981 442.2
2981 442.3
2984 442.4
2981 442.5
2982 442.6
2981 442.7
2979 442.8
2984 442.9
2981 443.0
2978 443.1
2981 443.2
2980 443.3
2981 443.4
2988 443.5
2985 443.6
2985 443.7
2981 443.8
2981 443.9
2983 444.0
2981 444.1
2980 444.2
2980 444.3
2988 444.4
2987 444.5
2985 444.6
2983 444.7
2983 444.8
2983 444.9
2985 445.0
2984 445.1
2983 445.2
2988 445.3
2987 445.4
2984 445.5
2983 445.6
2981 445.7
2983 445.8
2985 445.9
2982 446.0
2981 446.1
2988 446.2
2987 446.3
2985 446.4
2981 446.5
2985 446.6
2983 446.7
2985 446.8
2984 446.9
2981 447.0
2988 447.1
2985 447.2
2981 447.3
2981 447.4
2981 447.5
2983 447.6
2979 447.7
2984 447.8
2982 447.9
2984 448.0
2985 448.1
2985 448.2
2981 448.3
2981 448.4
2979 448.5
2981 448.6
2981 448.7
2982 448.8
2988 448.9
2985 449.0
2985 449.1
2983 449.2
2983 449.3
2983 449.4
2984 449.5
2986 449.6
2983 449.7
2988 449.8
2987 449.9
2985 450.0
2983 450.1
2989 450.2
2983 450.3
2985 450.4
2978 450.5
2983 450.6
2988 450.7
2985 450.8
2985 450.9
2983 451.0
2980 451.1
2979 451.2
2983 451.3
2984 451.4
2982 451.5
2988 451.6
2985 451.7
2985 451.8
2981 451.9
2981 452.0
2984 452.1
2981 452.2
2980 452.3
2981 452.4
2985 452.5
2985 452.6
2977 452.7
2980 452.8
2981 452.9
2979 453.0
2984 453.1
2982 453.2
2982 453.3
2988 453.4
2985 453.5
2984 453.6
2981 453.7
2981 453.8
2981 453.9
2977 454.0
2975 454.1
2981 454.2
2984 454.3
2985 454.4
2985 454.5
2978 454.6
2981 454.7
2979 454.8
2981 454.9
2980 455.0
2981 455.1
2984 455.2
2985 455.3
2985 455.4
2980 455.5
2981 455.6
2981 455.7
2981 455.8
2984 455.9
2979 456.0
2982 456.1
2985 456.2
2978 456.3
2977 456.4
2981 456.5
2977 456.6
2981 456.7
2975 456.8
2979 456.9
2984 457.0
2985 457.1
2984 457.2
2979 457.3
2988 457.4
2979 457.5
2981 457.6
2979 457.7
2981 457.8
2984 457.9
2985 458.0
2977 458.1
2971 458.2
2980 458.3
2979 458.4
2975 458.5
2977 458.6
2979 458.7
2980 458.8
2984 458.9
2979 459.0
2979 459.1
2981 459.2
2979 459.3
2984 459.4
2979 459.5
2979 459.6
2983 459.7
2985 459.8
2985 459.9
2979 460.0
2981 460.1
2979 460.2
2979 460.3
2977 460.4
2979 460.5
2988 460.6
2985 460.7
2979 460.8
2980 460.9
2981 461.0
2979 461.1
2975 461.2
2984 461.3
2983 461.4
2988 461.5
2985 461.6
2985 461.7
2983 461.8
2981 461.9
2981 462.0
2981 462.1
2980 462.2
2979 462.3
2984 462.4
2985 462.5
2977 462.6
2981 462.7
2981 462.8
2979 462.9
2977 463.0
2980 463.1
2983 463.2
2984 463.3
2985 463.4
2985 463.5
2982 463.6
2981 463.7
2985 463.8
2981 463.9
2986 464.0
2983 464.1
2988 464.2
2989 464.3
2985 464.4
2983 464.5
2988 464.6
2983 464.7
2981 464.8
2982 464.9
2981 465.0
2988 465.1
2985 465.2
2977 465.3
2985 465.4
2980 465.5
2983 465.6
2981 465.7
2982 465.8
2981 465.9
2988 466.0
2985 466.1
2984 466.2
2981 466.3
2981 466.4
2981 466.5
2979 466.6
2984 466.7
2981 466.8
2984 466.9
2985 467.0
2985 467.1
2981 467.2
2983 467.3
2983 467.4
2985 467.5
2984 467.6
2983 467.7
2988 467.8
2985 467.9
2981 468.0
2981 468.1
2981 468.2
2981 468.3
2984 468.4
2975 468.5
2981 468.6
2984 468.7
2985 468.8
2985 468.9
2981 469.0
2981 469.1
2979 469.2
2980 469.3
2980 469.4
2981 469.5
2988 469.6
2987 469.7
2989 469.8
2981 469.9
2981 470.0
2979 470.1
2985 470.2
2984 470.3
2981 470.4
2988 470.5
2987 470.6
2987 470.7
2984 470.8
2983 470.9
2979 471.0
2981 471.1
2973 471.2
2981 471.3
2988 471.4
2985 471.5
2985 471.6
2983 471.7
2981 471.8
2981 471.9
2984 472.0
2980 472.1
2986 472.2
2988 472.3
2985 472.4
2985 472.5
2983 472.6
2981 472.7
2979 472.8
2981 472.9
2975 473.0
2980 473.1
2985 473.2
2985 473.3
2985 473.4
2980 473.5
2980 473.6
2984 473.7
2981 473.8
2982 473.9
2981 474.0
2988 474.1
2985 474.2
2977 474.3
2980 474.4
2981 474.5
2979 474.6
2981 474.7
2978 474.8
2977 474.9
2982 475.0
2981 475.1
2979 475.2
2980 475.3
2980 475.4
2979 475.5
2977 475.6
2981 475.7
2981 475.8
2984 475.9
2979 476.0
2985 476.1
2981 476.2
2981 476.3
2981 476.4
2981 476.5
2973 476.6
2981 476.7
2984 476.8
2985 476.9
2984 477.0
2981 477.1
2980 477.2
2979 477.3
2975 477.4
2982 477.5
2979 477.6
2984 477.7
2985 477.8
2985 477.9
2980 478.0
2983 478.1
2981 478.2
2979 478.3
2979 478.4
2981 478.5
2984 478.6
2985 478.7
2985 478.8
2980 478.9
2980 479.0
2983 479.1
2984 479.2
2975 479.3
2981 479.4
2984 479.5
2985 479.6
2979 479.7
2981 479.8
2981 479.9
2981 480.0
2984 480.1
2984 480.2
2979 480.3
2984 480.4
2984 480.5
2984 480.6
2981 480.7
2981 480.8
2983 480.9
2985 481.0
2975 481.1
2982 481.2
2988 481.3
2985 481.4
2985 481.5
2981 481.6
2988 481.7
2983 481.8
2985 481.9
2982 482.0
2979 482.1
2984 482.2
2985 482.3
2985 482.4
2980 482.5
2980 482.6
2983 482.7
2986 482.8
2982 482.9
2982 483.0
2988 483.1
2981 483.2
2985 483.3
2981 483.4
2981 483.5
2981 483.6
2984 483.7
2975 483.8
2981 483.9
2984 484.0
2985 484.1
2984 484.2
2980 484.3
2981 484.4
2981 484.5
2979 484.6
2979 484.7
2982 484.8
2988 484.9
2985 485.0
2985 485.1
2981 485.2
2980 485.3
2981 485.4
2984 485.5
2984 485.6
2983 485.7
2988 485.8
2987 485.9
2979 486.0
2983 486.1
2980 486.2
2983 486.3
2981 486.4
2984 486.5
2979 486.6
2988 486.7
2987 486.8
2985 486.9
2981 487.0
2983 487.1
2983 487.2
2985 487.3
2982 487.4
2983 487.5
2989 487.6
2987 487.7
2985 487.8
2981 487.9
2981 488.0
2979 488.1
2981 488.2
2980 488.3
2983 488.4
2988 488.5
2985 488.6
2984 488.7
2980 488.8
2989 488.9
2979 489.0
2984 489.1
2980 489.2
2979 489.3
2984 489.4
2985 489.5
2985 489.6
2980 489.7
2981 489.8
2979 489.9
2981 490.0
2980 490.1
2979 490.2
2984 490.3
2985 490.4
2984 490.5
2985 490.6
2977 490.7
2979 490.8
2981 490.9
2976 491.0
2979 491.1
2980 491.2
2985 491.3
2984 491.4
2982 491.5
2980 491.6
2981 491.7
2984 491.8
2984 491.9
2981 492.0
2985 492.1
2985 492.2
2977 492.3
2981 492.4
2975 492.5
2981 492.6
2984 492.7
2982 492.8
2979 492.9
2988 493.0
2985 493.1
2977 493.2
2979 493.3
2981 493.4
2979 493.5
2977 493.6
2978 493.7
2981 493.8
2984 493.9
2985 494.0
2981 494.1
2980 494.2
2980 494.3
2981 494.4
2980 494.5
2982 494.6
2977 494.7
2984 494.8
2985 494.9
2979 495.0
2980 495.1
2973 495.2
2981 495.3
2975 495.4
2976 495.5
2980 495.6
2981 495.7
2985 495.8
2984 495.9
2979 496.0
2981 496.1
2981 496.2
2981 496.3
2978 496.4
2978 496.5
2981 496.6
2985 496.7
2979 496.8
2977 496.9
2975 497.0
2979 497.1
2979 497.2
2975 497.3
2980 497.4
2986 497.5
2979 497.6
2985 497.7
2976 497.8
2981 497.9
2979 498.0
2975 498.1
2975 498.2
2979 498.3
2981 498.4
2985 498.5
2984 498.6
2980 498.7
2981 498.8
2981 498.9
2981 499.0
2984 499.1
2983 499.2
2984 499.3
2985 499.4
2977 499.5
2975 499.6
2981 499.7
2979 499.8
2977 499.9
2975 500.0
2979 500.1
2981 500.2
2985 500.3
2984 500.4
2979 500.5
2981 500.6
2981 500.7
2983 500.8
2980 500.9
2979 501.0
2981 501.1
2984 501.2
2985 501.3
2981 501.4
2983 501.5
2981 501.6
2973 501.7
2975 501.8
2979 501.9
2984 502.0
2985 502.1
2984 502.2
2980 502.3
2981 502.4
2981 502.5
2977 502.6
2975 502.7
2979 502.8
2985 502.9
2985 503.0
2984 503.1
2980 503.2
2981 503.3
2983 503.4
2985 503.5
2986 503.6
2983 503.7
2988 503.8
2987 503.9
2985 504.0
2985 504.1
2985 504.2
2979 504.3
2985 504.4
2981 504.5
2981 504.6
2988 504.7
2985 504.8
2987 504.9
2981 505.0
2981 505.1
2984 505.2
2984 505.3
2983 505.4
2981 505.5
2984 505.6
2985 505.7
2985 505.8
2981 505.9
2980 506.0
2979 506.1
2981 506.2
2984 506.3
2981 506.4
2988 506.5
2985 506.6
2985 506.7
2984 506.8
2981 506.9
2983 507.0
2981 507.1
2984 507.2
2981 507.3
2985 507.4
2985 507.5
2984 507.6
2980 507.7
2981 507.8
2979 507.9
2981 508.0
2980 508.1
2983 508.2
2988 508.3
2985 508.4
2987 508.5
2981 508.6
2983 508.7
2981 508.8
2981 508.9
2975 509.0
2980 509.1
2988 509.2
2985 509.3
2985 509.4
2980 509.5
2981 509.6
2981 509.7
2984 509.8
2984 509.9
2981 510.0
2988 510.1
2985 510.2
2984 510.3
2981 510.4
2983 510.5
2983 510.6
2983 510.7
2975 510.8
2981 510.9
2988 511.0
2985 511.1
2985 511.2
2981 511.3
2986 511.4
2981 511.5
2979 511.6
2980 511.7
2982 511.8
2988 511.9
2985 512.0
2977 512.1
2987 512.2
2981 512.3
2981 512.4
2984 512.5
2975 512.6
2981 512.7
2984 512.8
2985 512.9
2984 513.0
2985 513.1
2981 513.2
2979 513.3
2984 513.4
2984 513.5
2981 513.6
2984 513.7
2985 513.8
2985 513.9
2980 514.0
2980 514.1
2980 514.2
2981 514.3
2980 514.4
2979 514.5
2982 514.6
2985 514.7
2979 514.8
2979 514.9
2983 515.0
2981 515.1
2981 515.2
2984 515.3
2981 515.4
2988 515.5
2985 515.6
2985 515.7
2981 515.8
2980 515.9
2981 516.0
2975 516.1
2975 516.2
2979 516.3
2980 516.4
2981 516.5
2979 516.6
2976 516.7
2981 516.8
2983 516.9
2975 517.0
2978 517.1
2978 517.2
2980 517.3
2985 517.4
2984 517.5
2975 517.6
2980 517.7
2979 517.8
2975 517.9
2974 518.0
2979 518.1
2981 518.2
2975 518.3
2975 518.4
2977 518.5
2980 518.6
2983 518.7
2981 518.8
2971 518.9
2981 519.0
2985 519.1
2985 519.2
2984 519.3
2980 519.4
2981 519.5
2979 519.6
2981 519.7
2980 519.8
2979 519.9
2982 520.0
2985 520.1
2984 520.2
2981 520.3
2980 520.4
2979 520.5
2981 520.6
2980 520.7
2981 520.8
2984 520.9
2983 521.0
2985 521.1
2981 521.2
2981 521.3
2979 521.4
2977 521.5
2984 521.6
2981 521.7
2983 521.8
2985 521.9
2985 522.0
2980 522.1
2981 522.2
2979 522.3
2981 522.4
2980 522.5
2986 522.6
2988 522.7
2985 522.8
2985 522.9
2981 523.0
2981 523.1
2980 523.2
2981 523.3
2974 523.4
2982 523.5
2988 523.6
2985 523.7
2977 523.8
2981 523.9
2981 524.0
2979 524.1
2981 524.2
2981 524.3
2978 524.4
2984 524.5
2985 524.6
2985 524.7
2980 524.8
2981 524.9
2979 525.0
2981 525.1
2980 525.2
2982 525.3
2984 525.4
2985 525.5
2977 525.6
2981 525.7
2981 525.8
2981 525.9
2981 526.0
2980 526.1
2981 526.2
2984 526.3
2985 526.4
2985 526.5
2980 526.6
2981 526.7
2979 526.8
2984 526.9
2981 527.0
2981 527.1
2988 527.2
2985 527.3
2985 527.4
2983 527.5
2984 527.6
2983 527.7
2985 527.8
2982 527.9
2979 528.0
2988 528.1
2985 528.2
2984 528.3
2983 528.4
2983 528.5
2983 528.6
2985 528.7
2980 528.8
2985 528.9
2988 529.0
2987 529.1
2985 529.2
2981 529.3
2983 529.4
2979 529.5
2981 529.6
2980 529.7
2981 529.8
2984 529.9
2985 530.0
2979 530.1
2980 530.2
2983 530.3
2981 530.4
2984 530.5
2978 530.6
2979 530.7
2988 530.8
2985 530.9
2985 531.0
2980 531.1
2981 531.2
2981 531.3
2981 531.4
2984 531.5
2977 531.6
2982 531.7
2985 531.8
2984 531.9
2980 532.0
2980 532.1
2979 532.2
2981 532.3
2984 532.4
2981 532.5
2984 532.6
2987 532.7
2979 532.8
2981 532.9
2984 533.0
2983 533.1
2984 533.2
2984 533.3
2981 533.4
2990 533.5
2985 533.6
2985 533.7
2984 533.8
2989 533.9
2981 534.0
2984 534.1
2982 534.2
2982 534.3
2984 534.4
2985 534.5
2985 534.6
2980 534.7
2983 534.8
2983 534.9
2979 535.0
2984 535.1
2981 535.2
2988 535.3
2985 535.4
2979 535.5
2981 535.6
2981 535.7
2979 535.8
2984 535.9
2984 536.0
2980 536.1
2984 536.2
2985 536.3
2977 536.4
2979 536.5
2981 536.6
2979 536.7
2984 536.8
2984 536.9
2980 537.0
2984 537.1
2985 537.2
2977 537.3
2983 537.4
2984 537.5
2981 537.6
2981 537.7
2984 537.8
2981 537.9
2988 538.0
2985 538.1
2985 538.2
2980 538.3
2981 538.4
2979 538.5
2981 538.6
2978 538.7
2981 538.8
2984 538.9
2975 539.0
2985 539.1
2981 539.2
2988 539.3
2983 539.4
2981 539.5
2980 539.6
2982 539.7
2988 539.8
2985 539.9
2985 540.0
2981 540.1
2981 540.2
2979 540.3
2982 540.4
2984 540.5
2979 540.6
2984 540.7
2985 540.8
2979 540.9
2980 541.0
2981 541.1
2981 541.2
2981 541.3
2984 541.4
2981 541.5
2984 541.6
2985 541.7
2977 541.8
2980 541.9
2981 542.0
2979 542.1
2979 542.2
2984 542.3
2981 542.4
2984 542.5
2985 542.6
2984 542.7
2981 542.8
2981 542.9
2983 543.0
2985 543.1
2975 543.2
2981 543.3
2984 543.4
2985 543.5
2984 543.6
2981 543.7
2981 543.8
2979 543.9
2984 544.0
2980 544.1
2981 544.2
2988 544.3
2985 544.4
2985 544.5
2984 544.6
2981 544.7
2981 544.8
2981 544.9
2984 545.0
2982 545.1
2988 545.2
2985 545.3
2985 545.4
2981 545.5
2981 545.6
2982 545.7
2984 545.8
2984 545.9
2982 546.0
2988 546.1
2987 546.2
2985 546.3
2983 546.4
2988 546.5
2983 546.6
2985 546.7
2984 546.8
2983 546.9
2988 547.0
2985 547.1
2977 547.2
2977 547.3
2981 547.4
2981 547.5
2981 547.6
2980 547.7
2982 547.8
2988 547.9
2985 548.0
2977 548.1
2981 548.2
2981 548.3
2981 548.4
2985 548.5
2984 548.6
2984 548.7
2988 548.8
2987 548.9
2985 549.0
2983 549.1
2983 549.2
2981 549.3
2984 549.4
2984 549.5
2982 549.6
2988 549.7
2985 549.8
2985 549.9
2981 550.0
2983 550.1
2983 550.2
2979 550.3
2980 550.4
2981 550.5
2988 550.6
2987 550.7
2985 550.8
2983 550.9
2983 551.0
2979 551.1
2986 551.2
2981 551.3
2981 551.4
2988 551.5
2987 551.6
2987 551.7
2981 551.8
2981 551.9
2979 552.0
2986 552.1
2984 552.2
2983 552.3
2988 552.4
2985 552.5
2987 552.6
2981 552.7
2980 552.8
2981 552.9
2981 553.0
2980 553.1
2982 553.2
2984 553.3
2985 553.4
2985 553.5
2981 553.6
2988 553.7
2979 553.8
2981 553.9
2975 554.0
2979 554.1
2982 554.2
2985 554.3
2977 554.4
2978 554.5
2981 554.6
2979 554.7
2977 554.8
2975 554.9
2979 555.0
2984 555.1
2985 555.2
2986 555.3
2980 555.4
2981 555.5
2981 555.6
2984 555.7
2975 555.8
2978 555.9
2980 556.0
2985 556.1
2981 556.2
2979 556.3
2980 556.4
2979 556.5
2981 556.6
2984 556.7
2981 556.8
2984 556.9
2985 557.0
2984 557.1
2980 557.2
2980 557.3
2979 557.4
2981 557.5
2984 557.6
2979 557.7
2984 557.8
2985 557.9
2985 558.0
2976 558.1
2975 558.2
2977 558.3
2977 558.4
2975 558.5
2987 558.6
2984 558.7
2987 558.8
2979 558.9
2979 559.0
2980 559.1
2979 559.2
2981 559.3
2980 559.4
2981 559.5
2984 559.6
2985 559.7
2985 559.8
2980 559.9
2981 560.0
2979 560.1
2975 560.2
2980 560.3
2977 560.4
2982 560.5
2985 560.6
2985 560.7
2980 560.8
2983 560.9
2979 561.0
2984 561.1
2978 561.2
2982 561.3
2988 561.4
2985 561.5
2984 561.6
2981 561.7
2981 561.8
2981 561.9
2981 562.0
2975 562.1
2982 562.2
2988 562.3
2985 562.4
2985 562.5
2981 562.6
2983 562.7
2979 562.8
2981 562.9
2980 563.0
2983 563.1
2984 563.2
2985 563.3
2981 563.4
2978 563.5
2981 563.6
2981 563.7
2985 563.8
2980 563.9
2983 564.0
2988 564.1
2988 564.2
2984 564.3
2981 564.4
2983 564.5
2979 564.6
2985 564.7
2982 564.8
2981 564.9
2988 565.0
2985 565.1
2985 565.2
2981 565.3
2981 565.4
2981 565.5
2981 565.6
2984 565.7
2983 565.8
2984 565.9
2985 566.0
2984 566.1
2981 566.2
2981 566.3
2981 566.4
2984 566.5
2980 566.6
2983 566.7
2984 566.8
2987 566.9
2977 567.0
2980 567.1
2981 567.2
2979 567.3
2975 567.4
2975 567.5
2977 567.6
2988 567.7
2985 567.8
2985 567.9
2982 568.0
2980 568.1
2983 568.2
2984 568.3
2975 568.4
2981 568.5
2988 568.6
2985 568.7
2985 568.8
2985 568.9
2980 569.0
2981 569.1
2981 569.2
2982 569.3
2979 569.4
2984 569.5
2985 569.6
2985 569.7
2982 569.8
2981 569.9
2983 570.0
2985 570.1
2984 570.2
2979 570.3
2984 570.4
2985 570.5
2985 570.6
2985 570.7
2981 570.8
2978 570.9
2981 571.0
2974 571.1
2982 571.2
2982 571.3
2985 571.4
2985 571.5
2981 571.6
2981 571.7
2979 571.8
2981 571.9
2981 572.0
2982 572.1
2988 572.2
2985 572.3
2985 572.4
2981 572.5
2981 572.6
2981 572.7
2979 572.8
2984 572.9
2981 573.0
2984 573.1
2985 573.2
2979 573.3
2978 573.4
2981 573.5
2979 573.6
2977 573.7
2984 573.8
2979 573.9
2980 574.0
2985 574.1
2979 574.2
2977 574.3
2981 574.4
2979 574.5
2984 574.6
2979 574.7
2981 574.8
2980 574.9
2985 575.0
2976 575.1
2980 575.2
2981 575.3
2977 575.4
2975 575.5
2984 575.6
2979 575.7
2984 575.8
2979 575.9
2979 576.0
2979 576.1
2980 576.2
2977 576.3
2975 576.4
2977 576.5
2977 576.6
2984 576.7
2985 576.8
2977 576.9
2980 577.0
2981 577.1
2977 577.2
2975 577.3
2977 577.4
2979 577.5
2982 577.6
2985 577.7
2979 577.8
2977 577.9
2980 578.0
2979 578.1
2984 578.2
2980 578.3
2981 578.4
2984 578.5
2985 578.6
2985 578.7
2979 578.8
2981 578.9
2979 579.0
2985 579.1
2982 579.2
2982 579.3
2984 579.4
2985 579.5
2979 579.6
2980 579.7
2981 579.8
2979 579.9
2975 580.0
2978 580.1
2979 580.2
2984 580.3
2984 580.4
2977 580.5
2980 580.6
2980 580.7
2981 580.8
2981 580.9
2980 581.0
2981 581.1
2984 581.2
2985 581.3
2985 581.4
2981 581.5
2985 581.6
2983 581.7
2984 581.8
2975 581.9
2983 582.0
2988 582.1
2985 582.2
2979 582.3
2981 582.4
2981 582.5
2979 582.6
2984 582.7
2975 582.8
2981 582.9
2988 583.0
2985 583.1
2979 583.2
2983 583.3
2981 583.4
2984 583.5
2975 583.6
2987 583.7
2983 583.8
2988 583.9
2985 584.0
2984 584.1
2980 584.2
2981 584.3
2979 584.4
2984 584.5
2984 584.6
2981 584.7
2988 584.8
2985 584.9
2977 585.0
2981 585.1
2980 585.2
2981 585.3
2981 585.4
2984 585.5
2982 585.6
2988 585.7
2987 585.8
2985 585.9
2983 586.0
2985 586.1
2979 586.2
2985 586.3
2984 586.4
2982 586.5
2988 586.6
2985 586.7
2985 586.8
2981 586.9
2981 587.0
2979 587.1
2985 587.2
2980 587.3
2981 587.4
2988 587.5
2985 587.6
2985 587.7
2980 587.8
2981 587.9
2977 588.0
2981 588.1
2981 588.2
2981 588.3
2988 588.4
2987 588.5
2985 588.6
2980 588.7
2983 588.8
2979 588.9
2985 589.0
2984 589.1
2983 589.2
2988 589.3
2987 589.4
2985 589.5
2984 589.6
2985 589.7
2984 589.8
2985 589.9
2975 590.0
2983 590.1
2988 590.2
2987 590.3
2985 590.4
2983 590.5
2985 590.6
2981 590.7
2984 590.8
2980 590.9
2981 591.0
2988 591.1
2987 591.2
2985 591.3
2979 591.4
2981 591.5
2983 591.6
2985 591.7
2986 591.8
2983 591.9
2988 592.0
2985 592.1
2979 592.2
2976 592.3
2981 592.4
2979 592.5
2981 592.6
2982 592.7
2982 592.8
2988 592.9
2985 593.0
2985 593.1
2981 593.2
2981 593.3
2979 593.4
2975 593.5
2980 593.6
2981 593.7
2984 593.8
2985 593.9
2984 594.0
2981 594.1
2979 594.2
2979 594.3
2981 594.4
2980 594.5
2981 594.6
2984 594.7
2985 594.8
2981 594.9
2980 595.0
2989 595.1
2979 595.2
2977 595.3
2972 595.4
2979 595.5
2981 595.6
2985 595.7
2984 595.8
2980 595.9
2980 596.0
2977 596.1
2975 596.2
2981 596.3
2981 596.4
2984 596.5
2985 596.6
2985 596.7
2980 596.8
2980 596.9
2981 597.0
2981 597.1
2980 597.2
2979 597.3
2982 597.4
2979 597.5
2985 597.6
2980 597.7
2984 597.8
2979 597.9
2981 598.0
2975 598.1
2981 598.2
2985 598.3
2985 598.4
2981 598.5
2980 598.6
2980 598.7
2981 598.8
2975 598.9
2980 599.0
2983 599.1
2981 599.2
2985 599.3
2977 599.4
2979 599.5
2980 599.6
2979 599.7
2975 599.8
2980 599.9
2979 600.0
2983 600.1
2985 600.2
2984 600.3
2980 600.4
2980 600.5
2981 600.6
2983 600.7
2980 600.8
2981 600.9
2988 601.0
2985 601.1
2979 601.2
2977 601.3
2983 601.4
2981 601.5
2981 601.6
2980 601.7
2979 601.8
2984 601.9
2985 602.0
2984 602.1
2979 602.2
2981 602.3
2981 602.4
2984 602.5
2984 602.6
2982 602.7
2989 602.8
2985 602.9
2979 603.0
2983 603.1
2980 603.2
2981 603.3
2984 603.4
2984 603.5
2981 603.6
2988 603.7
2983 603.8
2977 603.9
2981 604.0
2981 604.1
2979 604.2
2985 604.3
2984 604.4
2979 604.5
2984 604.6
2985 604.7
2985 604.8
2980 604.9
2981 605.0
2979 605.1
2981 605.2
2984 605.3
2981 605.4
2988 605.5
2985 605.6
2979 605.7
2979 605.8
2981 605.9
2979 606.0
2985 606.1
2980 606.2
2982 606.3
2988 606.4
2987 606.5
2984 606.6
2979 606.7
2981 606.8
2981 606.9
2981 607.0
2978 607.1
2981 607.2
2988 607.3
2985 607.4
2984 607.5
2983 607.6
2981 607.7
2981 607.8
2981 607.9
2978 608.0
2981 608.1
2984 608.2
2985 608.3
2984 608.4
2980 608.5
2981 608.6
2979 608.7
2977 608.8
2980 608.9
2981 609.0
2985 609.1
2985 609.2
2985 609.3
2980 609.4
2980 609.5
2978 609.6
2985 609.7
2984 609.8
2983 609.9
2984 610.0
2989 610.1
2985 610.2
2981 610.3
2981 610.4
2983 610.5
2984 610.6
2986 610.7
2982 610.8
2985 610.9
2987 611.0
2984 611.1
2983 611.2
2981 611.3
2979 611.4
2981 611.5
2973 611.6
2986 611.7
2984 611.8
2985 611.9
2984 612.0
2981 612.1
2988 612.2
2979 612.3
2985 612.4
2985 612.5
2982 612.6
2988 612.7
2985 612.8
2987 612.9
2981 613.0
2983 613.1
2981 613.2
2981 613.3
2984 613.4
2981 613.5
2988 613.6
2985 613.7
2977 613.8
2980 613.9
2981 614.0
2979 614.1
2981 614.2
2976 614.3
2979 614.4
2984 614.5
2979 614.6
2984 614.7
2980 614.8
2981 614.9
2979 615.0
2981 615.1
2984 615.2
2981 615.3
2984 615.4
2984 615.5
2985 615.6
2981 615.7
2981 615.8
2979 615.9
2981 616.0
2984 616.1
2981 616.2
2988 616.3
2985 616.4
2985 616.5
2981 616.6
2985 616.7
2981 616.8
2981 616.9
2974 617.0
2979 617.1
2984 617.2
2985 617.3
2985 617.4
2981 617.5
2981 617.6
2979 617.7
2981 617.8
2975 617.9
2982 618.0
2988 618.1
2985 618.2
2985 618.3
2984 618.4
2981 618.5
2979 618.6
2981 618.7
2980 618.8
2979 618.9
2984 619.0
2985 619.1
2977 619.2
2983 619.3
2989 619.4
2979 619.5
2984 619.6
2982 619.7
2981 619.8
2988 619.9
2985 620.0
2985 620.1
2980 620.2
2980 620.3
2984 620.4
2984 620.5
2985 620.6
2983 620.7
2988 620.8
2985 620.9
2985 621.0
2983 621.1
2983 621.2
2983 621.3
2985 621.4
2980 621.5
2982 621.6
2988 621.7
2985 621.8
2984 621.9
2980 622.0
2982 622.1
2979 622.2
2981 622.3
2980 622.4
2981 622.5
2988 622.6
2985 622.7
2985 622.8
2981 622.9
2983 623.0
2979 623.1
2981 623.2
2984 623.3
2981 623.4
2984 623.5
2985 623.6
2984 623.7
2981 623.8
2980 623.9
2983 624.0
2985 624.1
2985 624.2
2983 624.3
2988 624.4
2985 624.5
2981 624.6
2992 624.7
2981 624.8
2983 624.9
2989 625.0
2984 625.1
2983 625.2
2988 625.3
2985 625.4
2985 625.5
2985 625.6
2985 625.7
2984 625.8
2985 625.9
2986 626.0
2983 626.1
2988 626.2
2987 626.3
2985 626.4
2984 626.5
2982 626.6
2983 626.7
2985 626.8
2980 626.9
2983 627.0
2988 627.1
2989 627.2
2985 627.3
2984 627.4
2985 627.5
2983 627.6
2981 627.7
2985 627.8
2982 627.9
2988 628.0
2987 628.1
2981 628.2
2980 628.3
2981 628.4
2979 628.5
2985 628.6
2986 628.7
2983 628.8
2988 628.9
2985 629.0
2985 629.1
2981 629.2
2981 629.3
2979 629.4
2981 629.5
2984 629.6
2981 629.7
2988 629.8
2985 629.9
2987 630.0
2983 630.1
2988 630.2
2979 630.3
2986 630.4
2984 630.5
2981 630.6
2985 630.7
2985 630.8
2985 630.9
2982 631.0
2981 631.1
2981 631.2
2981 631.3
2983 631.4
2978 631.5
2984 631.6
2985 631.7
2985 631.8
2983 631.9
2981 632.0
2981 632.1
2984 632.2
2984 632.3
2980 632.4
2988 632.5
2985 632.6
2979 632.7
2981 632.8
2981 632.9
2979 633.0
2981 633.1
2978 633.2
2981 633.3
2984 633.4
2985 633.5
2977 633.6
2984 633.7
2984 633.8
2979 633.9
2984 634.0
2975 634.1
2981 634.2
2988 634.3
2988 634.4
2981 634.5
2983 634.6
2981 634.7
2978 634.8
2981 634.9
2984 635.0
2979 635.1
2988 635.2
2984 635.3
2979 635.4
2981 635.5
2980 635.6
2981 635.7
2984 635.8
2986 635.9
2981 636.0
2984 636.1
2985 636.2
2977 636.3
2980 636.4
2980 636.5
2981 636.6
2981 636.7
2984 636.8
2979 636.9
2985 637.0
2985 637.1
2977 637.2
2980 637.3
2981 637.4
2978 637.5
2981 637.6
2978 637.7
2977 637.8
2982 637.9
2985 638.0
2977 638.1
2977 638.2
2980 638.3
2979 638.4
2975 638.5
2978 638.6
2977 638.7
2984 638.8
2985 638.9
2979 639.0
2979 639.1
2985 639.2
2976 639.3
2984 639.4
2984 639.5
2981 639.6
2984 639.7
2985 639.8
2985 639.9
2978 640.0
2981 640.1
2979 640.2
2984 640.3
2984 640.4
2980 640.5
2984 640.6
2984 640.7
2984 640.8
2981 640.9
2981 641.0
2979 641.1
2981 641.2
2984 641.3
2983 641.4
2988 641.5
2985 641.6
2984 641.7
2980 641.8
2981 641.9
2979 642.0
2979 642.1
2975 642.2
2981 642.3
2984 642.4
2987 642.5
2985 642.6
2983 642.7
2983 642.8
2979 642.9
2985 643.0
2985 643.1
2983 643.2
2988 643.3
2987 643.4
2985 643.5
2981 643.6
2985 643.7
2983 643.8
2981 643.9
2982 644.0
2983 644.1
2988 644.2
2987 644.3
2987 644.4
2985 644.5
2981 644.6
2981 644.7
2981 644.8
2977 644.9
2983 645.0
2988 645.1
2987 645.2
2985 645.3
2988 645.4
2988 645.5
2981 645.6
2981 645.7
2981 645.8
2981 645.9
2988 646.0
2987 646.1
2985 646.2
2983 646.3
2988 646.4
2979 646.5
2985 646.6
2982 646.7
2983 646.8
2988 646.9
2987 647.0
2985 647.1
2984 647.2
2983 647.3
2983 647.4
2985 647.5
2984 647.6
2983 647.7
2988 647.8
2987 647.9
2985 648.0
2982 648.1
2985 648.2
2985 648.3
2985 648.4
2984 648.5
2983 648.6
2988 648.7
2985 648.8
2985 648.9
2984 649.0
2985 649.1
2983 649.2
2985 649.3
2984 649.4
2983 649.5
2988 649.6
2987 649.7
2985 649.8
2983 649.9
2981 650.0
2979 650.1
2985 650.2
2986 650.3
2982 650.4
2988 650.5
2987 650.6
2985 650.7
2983 650.8
2981 650.9
2979 651.0
2985 651.1
2984 651.2
2981 651.3
2988 651.4
2985 651.5
2981 651.6
2980 651.7
2981 651.8
2979 651.9
2981 652.0
2980 652.1
2982 652.2
2988 652.3
2984 652.4
2984 652.5
2981 652.6
2981 652.7
2979 652.8
2979 652.9
2980 653.0
2979 653.1
2985 653.2
2984 653.3
2977 653.4
2980 653.5
2981 653.6
2981 653.7
2981 653.8
2981 653.9
2982 654.0
2988 654.1
2985 654.2
2985 654.3
2981 654.4
2981 654.5
2979 654.6
2984 654.7
2984 654.8
2981 654.9
2988 655.0
2985 655.1
2985 655.2
2980 655.3
2981 655.4
2979 655.5
2984 655.6
2983 655.7
2979 655.8
2980 655.9
2985 656.0
2985 656.1
2980 656.2
2985 656.3
2979 656.4
2981 656.5
2980 656.6
2979 656.7
2984 656.8
2984 656.9
2977 657.0
2980 657.1
2980 657.2
2981 657.3
2977 657.4
2978 657.5
2979 657.6
2984 657.7
2985 657.8
2979 657.9
2981 658.0
2981 658.1
2977 658.2
2982 658.3
2980 658.4
2980 658.5
2988 658.6
2985 658.7
2985 658.8
2986 658.9
2980 659.0
2981 659.1
2985 659.2
2979 659.3
2982 659.4
2988 659.5
2975 659.6
2984 659.7
2981 659.8
2981 659.9
2979 660.0
2981 660.1
2984 660.2
2981 660.3
2988 660.4
2987 660.5
2986 660.6
2983 660.7
2981 660.8
2979 660.9
2984 661.0
2982 661.1
2982 661.2
2984 661.3
2985 661.4
2985 661.5
2982 661.6
2981 661.7
2983 661.8
2985 661.9
2984 662.0
2987 662.1
2986 662.2
2987 662.3
2985 662.4
2980 662.5
2981 662.6
2981 662.7
2984 662.8
2983 662.9
2982 663.0
2988 663.1
2985 663.2
2985 663.3
2981 663.4
2985 663.5
2981 663.6
2975 663.7
2980 663.8
2983 663.9
2984 664.0
2988 664.1
2985 664.2
2984 664.3
2989 664.4
2981 664.5
2979 664.6
2980 664.7
2983 664.8
2988 664.9
2987 665.0
2985 665.1
2983 665.2
2985 665.3
2979 665.4
2985 665.5
2984 665.6
2983 665.7
2988 665.8
2987 665.9
2979 666.0
2983 666.1
2982 666.2
2981 666.3
2985 666.4
2983 666.5
2981 666.6
2988 666.7
2985 666.8
2985 666.9
2981 667.0
2983 667.1
2979 667.2
2981 667.3
2986 667.4
2983 667.5
2988 667.6
2987 667.7
2985 667.8
2983 667.9
2981 668.0
2983 668.1
2985 668.2
2986 668.3
2983 668.4
2988 668.5
2987 668.6
2984 668.7
2981 668.8
2981 668.9
2979 669.0
2985 669.1
2982 669.2
2983 669.3
2988 669.4
2985 669.5
2986 669.6
2977 669.7
2981 669.8
2980 669.9
2981 670.0
2984 670.1
2983 670.2
2984 670.3
2985 670.4
2985 670.5
2981 670.6
2981 670.7
2983 670.8
2975 670.9
2984 671.0
2982 671.1
2988 671.2
2987 671.3
2984 671.4
2984 671.5
2983 671.6
2979 671.7
2984 671.8
2984 671.9
2983 672.0
2984 672.1
2985 672.2
2984 672.3
2981 672.4
2981 672.5
2979 672.6
2985 672.7
2984 672.8
2982 672.9
2988 673.0
2993 673.1
2984 673.2
2984 673.3
2983 673.4
2981 673.5
2981 673.6
2984 673.7
2982 673.8
2988 673.9
2985 674.0
2985 674.1
2981 674.2
2983 674.3
2981 674.4
2985 674.5
2980 674.6
2985 674.7
2988 674.8
2984 674.9
2985 675.0
2981 675.1
2981 675.2
2979 675.3
2983 675.4
2984 675.5
2981 675.6
2988 675.7
2985 675.8
2984 675.9
2981 676.0
2981 676.1
2979 676.2
2975 676.3
2975 676.4
2982 676.5
2988 676.6
2985 676.7
2977 676.8
2981 676.9
2980 677.0
2979 677.1
2984 677.2
2984 677.3
2981 677.4
2988 677.5
2985 677.6
2985 677.7
2981 677.8
2980 677.9
2979 678.0
2984 678.1
2980 678.2
2981 678.3
2988 678.4
2985 678.5
2977 678.6
2981 678.7
2981 678.8
2979 678.9
2979 679.0
2982 679.1
2979 679.2
2984 679.3
2985 679.4
2984 679.5
2977 679.6
2981 679.7
2979 679.8
2977 679.9
2982 680.0
2981 680.1
2984 680.2
2985 680.3
2985 680.4
2980 680.5
2981 680.6
2981 680.7
2984 680.8
2984 680.9
2983 681.0
2988 681.1
2985 681.2
2985 681.3
2981 681.4
2981 681.5
2983 681.6
2985 681.7
2986 681.8
2983 681.9
2988 682.0
2985 682.1
2985 682.2
2984 682.3
2989 682.4
2981 682.5
2981 682.6
2979 682.7
2981 682.8
2988 682.9
2985 683.0
2985 683.1
2981 683.2
2981 683.3
2983 683.4
2985 683.5
2984 683.6
2983 683.7
2988 683.8
2987 683.9
2975 684.0
2982 684.1
2984 684.2
2985 684.3
2988 684.4
2984 684.5
2983 684.6
2988 684.7
2988 684.8
2985 684.9
2983 685.0
2985 685.1
2983 685.2
2985 685.3
2984 685.4
2983 685.5
2989 685.6
2985 685.7
2985 685.8
2983 685.9
2984 686.0
2981 686.1
2984 686.2
2987 686.3
2982 686.4
2988 686.5
2987 686.6
2985 686.7
2983 686.8
2984 686.9
2983 687.0
2984 687.1
2984 687.2
2984 687.3
2988 687.4
2987 687.5
2985 687.6
2981 687.7
2983 687.8
2979 687.9
2981 688.0
2986 688.1
2981 688.2
2988 688.3
2987 688.4
2985 688.5
2985 688.6
2981 688.7
2985 688.8
2985 688.9
2984 689.0
2983 689.1
2988 689.2
2987 689.3
2985 689.4
2983 689.5
2989 689.6
2979 689.7
2985 689.8
2984 689.9
2981 690.0
2988 690.1
2987 690.2
2985 690.3
2983 690.4
2982 690.5
2982 690.6
2979 690.7
2984 690.8
2983 690.9
2988 691.0
2987 691.1
2985 691.2
2984 691.3
2985 691.4
2983 691.5
2985 691.6
2984 691.7
2981 691.8
2988 691.9
2985 692.0
2984 692.1
2983 692.2
2983 692.3
2982 692.4
2981 692.5
2980 692.6
2981 692.7
2988 692.8
2985 692.9
2985 693.0
2982 693.1
2981 693.2
2981 693.3
2981 693.4
2980 693.5
2980 693.6
2984 693.7
2985 693.8
2979 693.9
2981 694.0
2981 694.1
2978 694.2
2981 694.3
2981 694.4
2979 694.5
2988 694.6
2985 694.7
2979 694.8
2980 694.9
2981 695.0
2979 695.1
2981 695.2
2976 695.3
2980 695.4
2985 695.5
2985 695.6
2984 695.7
2979 695.8
2980 695.9
2981 696.0
2981 696.1
2984 696.2
2981 696.3
2984 696.4
2985 696.5
2985 696.6
2981 696.7
2981 696.8
2983 696.9
2981 697.0
2984 697.1
2982 697.2
2986 697.3
2985 697.4
2985 697.5
2981 697.6
2980 697.7
2979 697.8
2980 697.9
2980 698.0
2979 698.1
2982 698.2
2981 698.3
2979 698.4
2979 698.5
2981 698.6
2979 698.7
2975 698.8
2975 698.9
2978 699.0
2988 699.1
2985 699.2
2987 699.3
2981 699.4
2980 699.5
2979 699.6
2981 699.7
2980 699.8
2981 699.9
2984 700.0
2984 700.1
2984 700.2
2980 700.3
2981 700.4
2981 700.5
2984 700.6
2977 700.7
2980 700.8
2984 700.9
2985 701.0
2977 701.1
2981 701.2
2981 701.3
2978 701.4
2981 701.5
2984 701.6
2982 701.7
2988 701.8
2987 701.9
2985 702.0
2981 702.1
2985 702.2
2979 702.3
2985 702.4
2984 702.5
2983 702.6
2988 702.7
2986 702.8
2985 702.9
2981 703.0
2981 703.1
2984 703.2
2981 703.3
2974 703.4
2981 703.5
2988 703.6
2985 703.7
2985 703.8
2981 703.9
2981 704.0
2981 704.1
2984 704.2
2984 704.3
2983 704.4
2988 704.5
2985 704.6
2984 704.7
2981 704.8
2981 704.9
2982 705.0
2985 705.1
2984 705.2
2981 705.3
2988 705.4
2987 705.5
2985 705.6
2984 705.7
2985 705.8
2983 705.9
2985 706.0
2984 706.1
2983 706.2
2988 706.3
2985 706.4
2985 706.5
2983 706.6
2981 706.7
2981 706.8
2981 706.9
2975 707.0
2983 707.1
2985 707.2
2975 707.3
2985 707.4
2982 707.5
2980 707.6
2979 707.7
2984 707.8
2983 707.9
2982 708.0
2988 708.1
2987 708.2
2985 708.3
2983 708.4
2989 708.5
2979 708.6
2984 708.7
2981 708.8
2981 708.9
2984 709.0
2985 709.1
2985 709.2
2983 709.3
2981 709.4
2982 709.5
2984 709.6
2984 709.7
2983 709.8
2988 709.9
2987 710.0
2979 710.1
2982 710.2
2988 710.3
2983 710.4
2985 710.5
2984 710.6
2987 710.7
2988 710.8
2987 710.9
2984 711.0
2981 711.1
2981 711.2
2979 711.3
2981 711.4
2984 711.5
2981 711.6
2988 711.7
2985 711.8
2985 711.9
2983 712.0
2981 712.1
2979 712.2
2984 712.3
2975 712.4
2982 712.5
2988 712.6
2985 712.7
2985 712.8
2982 712.9
2981 713.0
2983 713.1
2985 713.2
2984 713.3
2982 713.4
2984 713.5
2985 713.6
2981 713.7
2980 713.8
2980 713.9
2981 714.0
2979 714.1
2980 714.2
2982 714.3
2984 714.4
2985 714.5
2977 714.6
2983 714.7
2981 714.8
2979 714.9
2984 715.0
2980 715.1
2979 715.2
2981 715.3
2981 715.4
2985 715.5
2980 715.6
2981 715.7
2979 715.8
2981 715.9
2980 716.0
2979 716.1
2984 716.2
2985 716.3
2985 716.4
2981 716.5
2981 716.6
2983 716.7
2984 716.8
2978 716.9
2981 717.0
2988 717.1
2984 717.2
2979 717.3
2979 717.4
2981 717.5
2979 717.6
2981 717.7
2984 717.8
2979 717.9
2984 718.0
2985 718.1
2984 718.2
2979 718.3
2980 718.4
2981 718.5
2981 718.6
2984 718.7
2980 718.8
2982 718.9
2985 719.0
2977 719.1
2977 719.2
2981 719.3
2979 719.4
2977 719.5
2984 719.6
2979 719.7
2988 719.8
2985 719.9
2979 720.0
2985 720.1
2980 720.2
2979 720.3
2984 720.4
2976 720.5
2981 720.6
2988 720.7
2985 720.8
2985 720.9
2980 721.0
2980 721.1
2979 721.2
2985 721.3
2985 721.4
2982 721.5
2988 721.6
2985 721.7
2985 721.8
2981 721.9
2983 722.0
2981 722.1
2984 722.2
2982 722.3
2987 722.4
2988 722.5
2987 722.6
2985 722.7
2983 722.8
2982 722.9
2983 723.0
2981 723.1
2984 723.2
2983 723.3
2988 723.4
2987 723.5
2985 723.6
2985 723.7
2981 723.8
2979 723.9
2985 724.0
2980 724.1
2985 724.2
2988 724.3
2987 724.4
2985 724.5
2983 724.6
2983 724.7
2988 724.8
2977 724.9
2984 725.0
2983 725.1
2988 725.2
2987 725.3
2985 725.4
2983 725.5
2985 725.6
2985 725.7
2985 725.8
2984 725.9
2983 726.0
2988 726.1
2993 726.2
2985 726.3
2981 726.4
2981 726.5
2983 726.6
2985 726.7
2984 726.8
2983 726.9
2985 727.0
2985 727.1
2984 727.2
2981 727.3
2981 727.4
2979 727.5
2981 727.6
2980 727.7
2981 727.8
2984 727.9
2985 728.0
2985 728.1
2980 728.2
2981 728.3
2981 728.4
2981 728.5
2984 728.6
2979 728.7
2988 728.8
2985 728.9
2984 729.0
2983 729.1
2984 729.2
2983 729.3
2984 729.4
2984 729.5
2982 729.6
2988 729.7
2985 729.8
2984 729.9
2981 730.0
2981 730.1
2981 730.2
2981 730.3
2980 730.4
2981 730.5
2988 730.6
2985 730.7
2979 730.8
2984 730.9
2980 731.0
2979 731.1
2981 731.2
2981 731.3
2977 731.4
2981 731.5
2985 731.6
2985 731.7
2983 731.8
2981 731.9
2983 732.0
2985 732.1
2984 732.2
2983 732.3
2988 732.4
2985 732.5
2987 732.6
2980 732.7
2981 732.8
2983 732.9
2984 733.0
2980 733.1
2981 733.2
2988 733.3
2985 733.4
2985 733.5
2981 733.6
2981 733.7
2979 733.8
2981 733.9
2982 734.0
2981 734.1
2984 734.2
2985 734.3
2979 734.4
2979 734.5
2981 734.6
2979 734.7
2984 734.8
2978 734.9
2981 735.0
2984 735.1
2983 735.2
2985 735.3
2980 735.4
2980 735.5
2979 735.6
2979 735.7
2980 735.8
2980 735.9
2984 736.0
2985 736.1
2985 736.2
2981 736.3
2981 736.4
2979 736.5
2986 736.6
2979 736.7
2982 736.8
2988 736.9
2984 737.0
2979 737.1
2981 737.2
2981 737.3
0 737.4
0 737.5
0 737.6
0 737.7
0 737.8
0 737.9
0 738.0
0 738.1
0 738.2
0 738.3
0 738.4
0 738.5
0 738.6
0 738.7
0 738.8
0 738.9
0 739.0
0 739.1
0 739.2
0 739.3
0 739.4
0 739.5
0 739.6
0 739.7
0 739.8
0 739.9
0 740.0
0 740.1
0 740.2
0 740.3
0 740.4
0 740.5
0 740.6
0 740.7
0 740.8
0 740.9
0 741.0
0 741.1
0 741.2
0 741.3
0 741.4
0 741.5
0 741.6
0 741.7
0 741.8
0 741.9
0 742.0
0 742.1
0 742.2
0 742.3
0 742.4
0 742.5
0 742.6
0 742.7
0 742.8
0 742.9
0 743.0
0 743.1
0 743.2
0 743.3
0 743.4
0 743.5
0 743.6
0 743.7
0 743.8
0 743.9
0 744.0
0 744.1
0 744.2
0 744.3
0 744.4
0 744.5
0 744.6
0 744.7
0 744.8
0 744.9
0 745.0
0 745.1
0 745.2
0 745.3
0 745.4
0 745.5
0 745.6
0 745.7
0 745.8
0 745.9
0 746.0
0 746.1
0 746.2
0 746.3
0 746.4
0 746.5
0 746.6
0 746.7
0 746.8
0 746.9
0 747.0
0 747.1
0 747.2
0 747.3
0 747.4
0 747.5
0 747.6
0 747.7
0 747.8
0 747.9
0 748.0
0 748.1
0 748.2
0 748.3
0 748.4
0 748.5
0 748.6
0 748.7
0 748.8
0 748.9
0 749.0
0 749.1
0 749.2
0 749.3
0 749.4
0 749.5
0 749.6
0 749.7
0 749.8
0 749.9
0 750.0
0 750.1
0 750.2
0 750.3
0 750.4
0 750.5
0 750.6
0 750.7
0 750.8
0 750.9
0 751.0
0 751.1
0 751.2
0 751.3
0 751.4
0 751.5
0 751.6
0 751.7
0 751.8
0 751.9
0 752.0
0 752.1
0 752.2
0 752.3
0 752.4
0 752.5
0 752.6
0 752.7
0 752.8
0 752.9
0 753.0
0 753.1
0 753.2
0 753.3
0 753.4
0 753.5
0 753.6
0 753.7
0 753.8
0 753.9
0 754.0
0 754.1
0 754.2
0 754.3
0 754.4
0 754.5
0 754.6
0 754.7
0 754.8
0 754.9
0 755.0
0 755.1
0 755.2
0 755.3
0 755.4
0 755.5
0 755.6
0 755.7
0 755.8
0 755.9
0 756.0
0 756.1
0 756.2
0 756.3
0 756.4
0 756.5
0 756.6
0 756.7
0 756.8
0 756.9
0 757.0
0 757.1
0 757.2
0 757.3
0 757.4
0 757.5
0 757.6
0 757.7
0 757.8
0 757.9
0 758.0
0 758.1
0 758.2
0 758.3
0 758.4
0 758.5
0 758.6
0 758.7
0 758.8
0 758.9
0 759.0
0 759.1
0 759.2
0 759.3
0 759.4
0 759.5
0 759.6
0 759.7
0 759.8
0 759.9
0 760.0
0 760.1
0 760.2
0 760.3
0 760.4
0 760.5
0 760.6
0 760.7
0 760.8
0 760.9
0 761.0
0 761.1
0 761.2
0 761.3
0 761.4
0 761.5
0 761.6
0 761.7
0 761.8
0 761.9
0 762.0
0 762.1
0 762.2
0 762.3
0 762.4
0 762.5
0 762.6
0 762.7
0 762.8
0 762.9
0 763.0
0 763.1
0 763.2
0 763.3
0 763.4
0 763.5
0 763.6
0 763.7
0 763.8
0 763.9
0 764.0
0 764.1
0 764.2
0 764.3
0 764.4
0 764.5
0 764.6
0 764.7
0 764.8
0 764.9
0 765.0
0 765.1
0 765.2
0 765.3
0 765.4
0 765.5
0 765.6
0 765.7
0 765.8
0 765.9
0 766.0
0 766.1
0 766.2
0 766.3
0 766.4
0 766.5
0 766.6
0 766.7
0 766.8
0 766.9
0 767.0
0 767.1
0 767.2
0 767.3
0 767.4
0 767.5
0 767.6
0 767.7
0 767.8
0 767.9
0 768.0
0 768.1
0 768.2
0 768.3
0 768.4
0 768.5
0 768.6
0 768.7
0 768.8
0 768.9
0 769.0
0 769.1
0 769.2
0 769.3
0 769.4
0 769.5
0 769.6
0 769.7
0 769.8
0 769.9
0 770.0
0 770.1
0 770.2
0 770.3
0 770.4
0 770.5
0 770.6
0 770.7
0 770.8
0 770.9
0 771.0
0 771.1
0 771.2
0 771.3
0 771.4
0 771.5
0 771.6
0 771.7
0 771.8
0 771.9
0 772.0
0 772.1
0 772.2
0 772.3
0 772.4
0 772.5
0 772.6
0 772.7
0 772.8
0 772.9
0 773.0
0 773.1
0 773.2
0 773.3
0 773.4
0 773.5
0 773.6
0 773.7
0 773.8
0 773.9
0 774.0
0 774.1
0 774.2
0 774.3
0 774.4
0 774.5
0 774.6
0 774.7
0 774.8
0 774.9
0 775.0
0 775.1
0 775.2
0 775.3
0 775.4
0 775.5
0 775.6
0 775.7
0 775.8
0 775.9
0 776.0
0 776.1
0 776.2
0 776.3
0 776.4
0 776.5
0 776.6
0 776.7
0 776.8
0 776.9
0 777.0
0 777.1
0 777.2
0 777.3
0 777.4
0 777.5
0 777.6
0 777.7
0 777.8
0 777.9
0 778.0
0 778.1
0 778.2
0 778.3
0 778.4
0 778.5
0 778.6
0 778.7
0 778.8
0 778.9
0 779.0
0 779.1
0 779.2
0 779.3
0 779.4
0 779.5
0 779.6
0 779.7
0 779.8
0 779.9
0 780.0
0 780.1
0 780.2
0 780.3
0 780.4
0 780.5
0 780.6
0 780.7
0 780.8
0 780.9
0 781.0
0 781.1
0 781.2
0 781.3
0 781.4
0 781.5
0 781.6
0 781.7
0 781.8
0 781.9
0 782.0
0 782.1
0 782.2
0 782.3
0 782.4
0 782.5
0 782.6
0 782.7
0 782.8
0 782.9
0 783.0
0 783.1
0 783.2
0 783.3
0 783.4
0 783.5
0 783.6
0 783.7
0 783.8
0 783.9
0 784.0
0 784.1
0 784.2
0 784.3
0 784.4
0 784.5
0 784.6
0 784.7
0 784.8
0 784.9
0 785.0
0 785.1
0 785.2
0 785.3
0 785.4
0 785.5
0 785.6
0 785.7
0 785.8
0 785.9
0 786.0
0 786.1
0 786.2
0 786.3
0 786.4
0 786.5
0 786.6
0 786.7
0 786.8
0 786.9
0 787.0
0 787.1
0 787.2
0 787.3
0 787.4
0 787.5
0 787.6
0 787.7
0 787.8
0 787.9
0 788.0
0 788.1
0 788.2
0 788.3
0 788.4
0 788.5
0 788.6
0 788.7
0 788.8
0 788.9
0 789.0
0 789.1
0 789.2
0 789.3
0 789.4
0 789.5
0 789.6
0 789.7
0 789.8
0 789.9
0 790.0
0 790.1
0 790.2
0 790.3
0 790.4
0 790.5
0 790.6
0 790.7
0 790.8
0 790.9
0 791.0
0 791.1
0 791.2
0 791.3
0 791.4
0 791.5
0 791.6
0 791.7
0 791.8
0 791.9
0 792.0
0 792.1
0 792.2
0 792.3
0 792.4
0 792.5
0 792.6
0 792.7
0 792.8
0 792.9
0 793.0
0 793.1
0 793.2
0 793.3
0 793.4
0 793.5
0 793.6
0 793.7
0 793.8
0 793.9
0 794.0
0 794.1
0 794.2
0 794.3
0 794.4
0 794.5
0 794.6
0 794.7
0 794.8
0 794.9
0 795.0
0 795.1
0 795.2
0 795.3
0 795.4
0 795.5
0 795.6
0 795.7
0 795.8
0 795.9
0 796.0
0 796.1
0 796.2
0 796.3
0 796.4
0 796.5
0 796.6
0 796.7
0 796.8
0 796.9
0 797.0
0 797.1
0 797.2
0 797.3
0 797.4
0 797.5
0 797.6
0 797.7
0 797.8
0 797.9
0 798.0
0 798.1
0 798.2
0 798.3
0 798.4
0 798.5
0 798.6
0 798.7
0 798.8
0 798.9
0 799.0
0 799.1
0 799.2
0 799.3
0 799.4
0 799.5
0 799.6
0 799.7
0 799.8
0 799.9
0 800.0
0 800.1
0 800.2
0 800.3
0 800.4
0 800.5
0 800.6
0 800.7
0 800.8
0 800.9
0 801.0
0 801.1
0 801.2
0 801.3
0 801.4
0 801.5
0 801.6
0 801.7
0 801.8
0 801.9
0 802.0
0 802.1
0 802.2
0 802.3
0 802.4
0 802.5
0 802.6
0 802.7
0 802.8
0 802.9
0 803.0
0 803.1
0 803.2
0 803.3
0 803.4
0 803.5
0 803.6
0 803.7
0 803.8
0 803.9
0 804.0
0 804.1
0 804.2
0 804.3
0 804.4
0 804.5
0 804.6
0 804.7
0 804.8
0 804.9
0 805.0
0 805.1
0 805.2
0 805.3
0 805.4
0 805.5
0 805.6
0 805.7
0 805.8
0 805.9
0 806.0
0 806.1
0 806.2
0 806.3
0 806.4
0 806.5
0 806.6
0 806.7
0 806.8
0 806.9
0 807.0
0 807.1
0 807.2
0 807.3
0 807.4
0 807.5
0 807.6
0 807.7
0 807.8
0 807.9
0 808.0
0 808.1
0 808.2
0 808.3
0 808.4
0 808.5
0 808.6
0 808.7
0 808.8
0 808.9
0 809.0
0 809.1
0 809.2
0 809.3
0 809.4
0 809.5
0 809.6
0 809.7
0 809.8
0 809.9
0 810.0
0 810.1
0 810.2
0 810.3
0 810.4
0 810.5
0 810.6
0 810.7
0 810.8
0 810.9
0 811.0
0 811.1
0 811.2
0 811.3
0 811.4
0 811.5
0 811.6
0 811.7
0 811.8
0 811.9
0 812.0
0 812.1
0 812.2
0 812.3
0 812.4
0 812.5
0 812.6
0 812.7
0 812.8
0 812.9
0 813.0
0 813.1
0 813.2
0 813.3
0 813.4
0 813.5
0 813.6
0 813.7
0 813.8
0 813.9
0 814.0
0 814.1
0 814.2
0 814.3
0 814.4
0 814.5
0 814.6
0 814.7
0 814.8
0 814.9
0 815.0
0 815.1
0 815.2
0 815.3
0 815.4
0 815.5
0 815.6
0 815.7
0 815.8
0 815.9
0 816.0
0 816.1
0 816.2
0 816.3
0 816.4
0 816.5
0 816.6
0 816.7
0 816.8
0 816.9
0 817.0
0 817.1
0 817.2
0 817.3
0 817.4
0 817.5
0 817.6
0 817.7
0 817.8
0 817.9
0 818.0
0 818.1
0 818.2
0 818.3
0 818.4
0 818.5
0 818.6
0 818.7
0 818.8
0 818.9
0 819.0
0 819.1
0 819.2
0 819.3
0 819.4
0 819.5
0 819.6
0 819.7
0 819.8
0 819.9
0 820.0
0 820.1
0 820.2
0 820.3
0 820.4
0 820.5
0 820.6
0 820.7
0 820.8
0 820.9
0 821.0
0 821.1
0 821.2
0 821.3
0 821.4
0 821.5
0 821.6
0 821.7
0 821.8
0 821.9
0 822.0
0 822.1
0 822.2
0 822.3
0 822.4
0 822.5
0 822.6
0 822.7
0 822.8
0 822.9
0 823.0
0 823.1
0 823.2
0 823.3
0 823.4
0 823.5
0 823.6
0 823.7
0 823.8
0 823.9
0 824.0
0 824.1
0 824.2
0 824.3
0 824.4
0 824.5
0 824.6
0 824.7
0 824.8
0 824.9
0 825.0
0 825.1
0 825.2
0 825.3
0 825.4
0 825.5
0 825.6
0 825.7
0 825.8
0 825.9
0 826.0
0 826.1
0 826.2
0 826.3
0 826.4
0 826.5
0 826.6
0 826.7
0 826.8
0 826.9
0 827.0
0 827.1
0 827.2
0 827.3
0 827.4
0 827.5
0 827.6
0 827.7
0 827.8
0 827.9
0 828.0
0 828.1
0 828.2
0 828.3
0 828.4
0 828.5
0 828.6
0 828.7
0 828.8
0 828.9
0 829.0
0 829.1
0 829.2
0 829.3
0 829.4
0 829.5
0 829.6
0 829.7
0 829.8
0 829.9
0 830.0
0 830.1
0 830.2
0 830.3
0 830.4
0 830.5
0 830.6
0 830.7
0 830.8
0 830.9
0 831.0
0 831.1
0 831.2
0 831.3
0 831.4
0 831.5
0 831.6
0 831.7
0 831.8
0 831.9
0 832.0
0 832.1
0 832.2
0 832.3
0 832.4
0 832.5
0 832.6
0 832.7
0 832.8
0 832.9
0 833.0
0 833.1
0 833.2
0 833.3
0 833.4
0 833.5
0 833.6
0 833.7
0 833.8
0 833.9
0 834.0
0 834.1
0 834.2
0 834.3
0 834.4
0 834.5
0 834.6
0 834.7
0 834.8
0 834.9
0 835.0
0 835.1
0 835.2
0 835.3
0 835.4
0 835.5
0 835.6
0 835.7
0 835.8
0 835.9
0 836.0
0 836.1
0 836.2
0 836.3
0 836.4
0 836.5
0 836.6
0 836.7
0 836.8
0 836.9
0 837.0
0 837.1
0 837.2
0 837.3
0 837.4
0 837.5
0 837.6
0 837.7
0 837.8
0 837.9
0 838.0
0 838.1
0 838.2
0 838.3
0 838.4
0 838.5
0 838.6
0 838.7
0 838.8
0 838.9
0 839.0
0 839.1
0 839.2
0 839.3
0 839.4
0 839.5
0 839.6
0 839.7
0 839.8
0 839.9
0 840.0
0 840.1
0 840.2
0 840.3
0 840.4
0 840.5
0 840.6
0 840.7
0 840.8
0 840.9
0 841.0
0 841.1
0 841.2
0 841.3
0 841.4
0 841.5
0 841.6
0 841.7
0 841.8
0 841.9
0 842.0
0 842.1
0 842.2
0 842.3
0 842.4
0 842.5
0 842.6
0 842.7
0 842.8
0 842.9
0 843.0
0 843.1
0 843.2
0 843.3
0 843.4
0 843.5
0 843.6
0 843.7
0 843.8
0 843.9
0 844.0
0 844.1
0 844.2
0 844.3
0 844.4
0 844.5
0 844.6
0 844.7
0 844.8
0 844.9
0 845.0
0 845.1
0 845.2
0 845.3
0 845.4
0 845.5
0 845.6
0 845.7
0 845.8
0 845.9
0 846.0
0 846.1
0 846.2
0 846.3
0 846.4
0 846.5
0 846.6
0 846.7
0 846.8
0 846.9
0 847.0
0 847.1
0 847.2
0 847.3
0 847.4
0 847.5
0 847.6
0 847.7
0 847.8
0 847.9
0 848.0
0 848.1
0 848.2
0 848.3
0 848.4
0 848.5
0 848.6
0 848.7
0 848.8
0 848.9
0 849.0
0 849.1
0 849.2
0 849.3
0 849.4
0 849.5
0 849.6
0 849.7
0 849.8
0 849.9
0 850.0
0 850.1
0 850.2
0 850.3
0 850.4
0 850.5
0 850.6
0 850.7
0 850.8
0 850.9
0 851.0
0 851.1
0 851.2
0 851.3
0 851.4
0 851.5
0 851.6
0 851.7
0 851.8
0 851.9
0 852.0
0 852.1
0 852.2
0 852.3
0 852.4
0 852.5
0 852.6
0 852.7
0 852.8
0 852.9
0 853.0
0 853.1
0 853.2
0 853.3
0 853.4
0 853.5
0 853.6
0 853.7
0 853.8
0 853.9
0 854.0
0 854.1
0 854.2
0 854.3
0 854.4
0 854.5
0 854.6
0 854.7
0 854.8
0 854.9
0 855.0
0 855.1
0 855.2
0 855.3
0 855.4
0 855.5
0 855.6
0 855.7
0 855.8
0 855.9
0 856.0
0 856.1
0 856.2
0 856.3
0 856.4
0 856.5
0 856.6
0 856.7
0 856.8
0 856.9
0 857.0
0 857.1
0 857.2
0 857.3
0 857.4
0 857.5
0 857.6
0 857.7
0 857.8
0 857.9
0 858.0
0 858.1
0 858.2
0 858.3
0 858.4
0 858.5
0 858.6
0 858.7
0 858.8
0 858.9
0 859.0
0 859.1
0 859.2
0 859.3
0 859.4
0 859.5
0 859.6
0 859.7
0 859.8
0 859.9
0 860.0
0 860.1
0 860.2
0 860.3
0 860.4
0 860.5
0 860.6
0 860.7
0 860.8
0 860.9
0 861.0
0 861.1
0 861.2
0 861.3
0 861.4
0 861.5
0 861.6
0 861.7
0 861.8
0 861.9
0 862.0
0 862.1
0 862.2
0 862.3
0 862.4
0 862.5
0 862.6
0 862.7
0 862.8
0 862.9
0 863.0
0 863.1
0 863.2
0 863.3
0 863.4
0 863.5
0 863.6
0 863.7
0 863.8
0 863.9
0 864.0
0 864.1
0 864.2
0 864.3
0 864.4
0 864.5
0 864.6
0 864.7
0 864.8
0 864.9
0 865.0
0 865.1
0 865.2
0 865.3
0 865.4
0 865.5
0 865.6
0 865.7
0 865.8
0 865.9
0 866.0
0 866.1
0 866.2
0 866.3
0 866.4
0 866.5
0 866.6
0 866.7
0 866.8
0 866.9
0 867.0
0 867.1
0 867.2
0 867.3
0 867.4
0 867.5
0 867.6
0 867.7
0 867.8
0 867.9
0 868.0
0 868.1
0 868.2
0 868.3
0 868.4
0 868.5
0 868.6
0 868.7
0 868.8
0 868.9
0 869.0
0 869.1
0 869.2
0 869.3
0 869.4
0 869.5
0 869.6
0 869.7
0 869.8
0 869.9
0 870.0
0 870.1
0 870.2
0 870.3
0 870.4
0 870.5
0 870.6
0 870.7
0 870.8
0 870.9
0 871.0
0 871.1
0 871.2
0 871.3
0 871.4
0 871.5
0 871.6
0 871.7
0 871.8
0 871.9
0 872.0
0 872.1
0 872.2
0 872.3
0 872.4
0 872.5
0 872.6
0 872.7
0 872.8
0 872.9
0 873.0
0 873.1
0 873.2
0 873.3
0 873.4
0 873.5
0 873.6
0 873.7
0 873.8
0 873.9
0 874.0
0 874.1
0 874.2
0 874.3
0 874.4
0 874.5
0 874.6
0 874.7
0 874.8
0 874.9
0 875.0
0 875.1
0 875.2
0 875.3
0 875.4
0 875.5
0 875.6
0 875.7
0 875.8
0 875.9
0 876.0
0 876.1
0 876.2
0 876.3
0 876.4
0 876.5
0 876.6
0 876.7
0 876.8
0 876.9
0 877.0
0 877.1
0 877.2
0 877.3
0 877.4
0 877.5
0 877.6
0 877.7
0 877.8
0 877.9
0 878.0
0 878.1
0 878.2
0 878.3
0 878.4
0 878.5
0 878.6
0 878.7
0 878.8
0 878.9
0 879.0
0 879.1
0 879.2
0 879.3
0 879.4
0 879.5
0 879.6
0 879.7
0 879.8
0 879.9
0 880.0
0 880.1
0 880.2
0 880.3
0 880.4
0 880.5
0 880.6
0 880.7
0 880.8
0 880.9
0 881.0
0 881.1
0 881.2
0 881.3
0 881.4
0 881.5
0 881.6
0 881.7
0 881.8
0 881.9
0 882.0
0 882.1
0 882.2
0 882.3
0 882.4
0 882.5
0 882.6
0 882.7
0 882.8
0 882.9
0 883.0
0 883.1
0 883.2
0 883.3
0 883.4
0 883.5
0 883.6
0 883.7
0 883.8
0 883.9
0 884.0
0 884.1
0 884.2
0 884.3
0 884.4
0 884.5
0 884.6
0 884.7
0 884.8
0 884.9
0 885.0
0 885.1
0 885.2
0 885.3
0 885.4
0 885.5
0 885.6
0 885.7
0 885.8
0 885.9
0 886.0
0 886.1
0 886.2
0 886.3
0 886.4
0 886.5
0 886.6
0 886.7
0 886.8
0 886.9
0 887.0
0 887.1
0 887.2
0 887.3
0 887.4
0 887.5
0 887.6
0 887.7
0 887.8
0 887.9
0 888.0
0 888.1
0 888.2
0 888.3
0 888.4
0 888.5
0 888.6
0 888.7
0 888.8
0 888.9
0 889.0
0 889.1
0 889.2
0 889.3
0 889.4
0 889.5
0 889.6
0 889.7
0 889.8
0 889.9
0 890.0
0 890.1
0 890.2
0 890.3
0 890.4
0 890.5
0 890.6
0 890.7
0 890.8
0 890.9
0 891.0
0 891.1
0 891.2
0 891.3
0 891.4
0 891.5
0 891.6
0 891.7
0 891.8
0 891.9
0 892.0
0 892.1
0 892.2
0 892.3
0 892.4
0 892.5
0 892.6
0 892.7
0 892.8
0 892.9
0 893.0
0 893.1
0 893.2
0 893.3
0 893.4
0 893.5
0 893.6
0 893.7
0 893.8
0 893.9
0 894.0
0 894.1
0 894.2
0 894.3
0 894.4
0 894.5
0 894.6
0 894.7
0 894.8
0 894.9
0 895.0
0 895.1
0 895.2
0 895.3
0 895.4
0 895.5
0 895.6
0 895.7
0 895.8
0 895.9
0 896.0
0 896.1
0 896.2
0 896.3
0 896.4
0 896.5
0 896.6
0 896.7
0 896.8
0 896.9
0 897.0
0 897.1
0 897.2
0 897.3
0 897.4
0 897.5
0 897.6
0 897.7
0 897.8
0 897.9
0 898.0
0 898.1
0 898.2
0 898.3
0 898.4
0 898.5
0 898.6
0 898.7
0 898.8
0 898.9
0 899.0
0 899.1
0 899.2
0 899.3
0 899.4
0 899.5
0 899.6
0 899.7
0 899.8
0 899.9
0 900.0
0 900.1
0 900.2
0 900.3
0 900.4
0 900.5
0 900.6
0 900.7
0 900.8
0 900.9
0 901.0
0 901.1
0 901.2
0 901.3
0 901.4
0 901.5
0 901.6
0 901.7
0 901.8
0 901.9
0 902.0
0 902.1
0 902.2
0 902.3
0 902.4
0 902.5
0 902.6
0 902.7
0 902.8
0 902.9
0 903.0
0 903.1
0 903.2
0 903.3
0 903.4
0 903.5
0 903.6
0 903.7
0 903.8
0 903.9
0 904.0
0 904.1
0 904.2
0 904.3
0 904.4
0 904.5
0 904.6
0 904.7
0 904.8
0 904.9
0 905.0
0 905.1
0 905.2
0 905.3
0 905.4
0 905.5
0 905.6
0 905.7
0 905.8
0 905.9
0 906.0
0 906.1
0 906.2
0 906.3
0 906.4
0 906.5
0 906.6
0 906.7
0 906.8
0 906.9
0 907.0
0 907.1
0 907.2
0 907.3
0 907.4
0 907.5
0 907.6
0 907.7
0 907.8
0 907.9
0 908.0
0 908.1
0 908.2
0 908.3
0 908.4
0 908.5
0 908.6
0 908.7
0 908.8
0 908.9
0 909.0
0 909.1
0 909.2
0 909.3
0 909.4
0 909.5
0 909.6
0 909.7
0 909.8
0 909.9
0 910.0
0 910.1
0 910.2
0 910.3
0 910.4
0 910.5
0 910.6
0 910.7
0 910.8
0 910.9
0 911.0
0 911.1
0 911.2
0 911.3
0 911.4
0 911.5
0 911.6
0 911.7
0 911.8
0 911.9
0 912.0
0 912.1
0 912.2
0 912.3
0 912.4
0 912.5
0 912.6
0 912.7
0 912.8
0 912.9
0 913.0
0 913.1
0 913.2
0 913.3
0 913.4
0 913.5
0 913.6
0 913.7
0 913.8
0 913.9
0 914.0
0 914.1
0 914.2
0 914.3
0 914.4
0 914.5
0 914.6
0 914.7
0 914.8
0 914.9
0 915.0
0 915.1
0 915.2
0 915.3
0 915.4
0 915.5
0 915.6
0 915.7
0 915.8
0 915.9
0 916.0
0 916.1
0 916.2
0 916.3
0 916.4
0 916.5
0 916.6
0 916.7
0 916.8
0 916.9
0 917.0
0 917.1
0 917.2
0 917.3
0 917.4
0 917.5
0 917.6
0 917.7
0 917.8
0 917.9
0 918.0
0 918.1
0 918.2
0 918.3
0 918.4
0 918.5
0 918.6
0 918.7
0 918.8
0 918.9
0 919.0
0 919.1
0 919.2
0 919.3
0 919.4
0 919.5
0 919.6
0 919.7
0 919.8
0 919.9
0 920.0
0 920.1
0 920.2
0 920.3
0 920.4
0 920.5
0 920.6
0 920.7
0 920.8
0 920.9
0 921.0
0 921.1
0 921.2
0 921.3
0 921.4
0 921.5
0 921.6
0 921.7
0 921.8
0 921.9
0 922.0
0 922.1
0 922.2
0 922.3
0 922.4
0 922.5
0 922.6
0 922.7
0 922.8
0 922.9
0 923.0
0 923.1
0 923.2
0 923.3
0 923.4
0 923.5
0 923.6
0 923.7
0 923.8
0 923.9
0 924.0
0 924.1
0 924.2
0 924.3
0 924.4
0 924.5
0 924.6
0 924.7
0 924.8
0 924.9
0 925.0
0 925.1
0 925.2
0 925.3
0 925.4
0 925.5
0 925.6
0 925.7
0 925.8
0 925.9
0 926.0
0 926.1
0 926.2
0 926.3
0 926.4
0 926.5
0 926.6
0 926.7
0 926.8
0 926.9
0 927.0
0 927.1
0 927.2
0 927.3
0 927.4
0 927.5
0 927.6
0 927.7
0 927.8
0 927.9
0 928.0
0 928.1
0 928.2
0 928.3
0 928.4
0 928.5
0 928.6
0 928.7
0 928.8
0 928.9
0 929.0
0 929.1
0 929.2
0 929.3
0 929.4
0 929.5
0 929.6
0 929.7
0 929.8
0 929.9
0 930.0
0 930.1
0 930.2
0 930.3
0 930.4
0 930.5
0 930.6
0 930.7
0 930.8
0 930.9
0 931.0
0 931.1
0 931.2
0 931.3
0 931.4
0 931.5
0 931.6
0 931.7
0 931.8
0 931.9
0 932.0
0 932.1
0 932.2
0 932.3
0 932.4
0 932.5
0 932.6
0 932.7
0 932.8
0 932.9
0 933.0
0 933.1
0 933.2
0 933.3
0 933.4
0 933.5
0 933.6
0 933.7
0 933.8
0 933.9
0 934.0
0 934.1
0 934.2
0 934.3
0 934.4
0 934.5
0 934.6
0 934.7
0 934.8
0 934.9
0 935.0
0 935.1
0 935.2
0 935.3
0 935.4
0 935.5
0 935.6
0 935.7
0 935.8
0 935.9
0 936.0
0 936.1
0 936.2
0 936.3
0 936.4
0 936.5
0 936.6
0 936.7
0 936.8
0 936.9
0 937.0
0 937.1
0 937.2
0 937.3
0 937.4
0 937.5
0 937.6
0 937.7
0 937.8
0 937.9
0 938.0
0 938.1
0 938.2
0 938.3
0 938.4
0 938.5
0 938.6
0 938.7
0 938.8
0 938.9
0 939.0
0 939.1
0 939.2
0 939.3
0 939.4
0 939.5
0 939.6
0 939.7
0 939.8
0 939.9
0 940.0
0 940.1
0 940.2
0 940.3
0 940.4
0 940.5
0 940.6
0 940.7
0 940.8
0 940.9
0 941.0
0 941.1
0 941.2
0 941.3
0 941.4
0 941.5
0 941.6
0 941.7
0 941.8
0 941.9
0 942.0
0 942.1
0 942.2
0 942.3
0 942.4
0 942.5
0 942.6
0 942.7
0 942.8
0 942.9
0 943.0
0 943.1
0 943.2
0 943.3
0 943.4
0 943.5
0 943.6
0 943.7
0 943.8
0 943.9
0 944.0
0 944.1
0 944.2
0 944.3
0 944.4
0 944.5
0 944.6
0 944.7
0 944.8
0 944.9
0 945.0
0 945.1
0 945.2
0 945.3
0 945.4
0 945.5
0 945.6
0 945.7
0 945.8
0 945.9
0 946.0
0 946.1
0 946.2
0 946.3
0 946.4
0 946.5
0 946.6
0 946.7
0 946.8
0 946.9
0 947.0
0 947.1
0 947.2
0 947.3
0 947.4
0 947.5
0 947.6
0 947.7
0 947.8
0 947.9
0 948.0
0 948.1
0 948.2
0 948.3
0 948.4
0 948.5
0 948.6
0 948.7
0 948.8
0 948.9
0 949.0
0 949.1
0 949.2
0 949.3
0 949.4
0 949.5
0 949.6
0 949.7
0 949.8
0 949.9
0 950.0
0 950.1
0 950.2
0 950.3
0 950.4
0 950.5
0 950.6
0 950.7
0 950.8
0 950.9
0 951.0
0 951.1
0 951.2
0 951.3
0 951.4
0 951.5
0 951.6
0 951.7
0 951.8
0 951.9
0 952.0
0 952.1
0 952.2
0 952.3
0 952.4
0 952.5
0 952.6
0 952.7
0 952.8
0 952.9
0 953.0
0 953.1
0 953.2
0 953.3
0 953.4
0 953.5
0 953.6
0 953.7
0 953.8
0 953.9
0 954.0
0 954.1
0 954.2
0 954.3
0 954.4
0 954.5
0 954.6
0 954.7
0 954.8
0 954.9
0 955.0
0 955.1
0 955.2
0 955.3
0 955.4
0 955.5
0 955.6
0 955.7
0 955.8
0 955.9
0 956.0
0 956.1
0 956.2
0 956.3
0 956.4
0 956.5
0 956.6
0 956.7
0 956.8
0 956.9
0 957.0
0 957.1
0 957.2
0 957.3
0 957.4
0 957.5
0 957.6
0 957.7
0 957.8
0 957.9
0 958.0
0 958.1
0 958.2
0 958.3
0 958.4
0 958.5
0 958.6
0 958.7
0 958.8
0 958.9
0 959.0
0 959.1
0 959.2
0 959.3
0 959.4
0 959.5
0 959.6
0 959.7
0 959.8
0 959.9
0 960.0
0 960.1
0 960.2
0 960.3
0 960.4
0 960.5
0 960.6
0 960.7
0 960.8
0 960.9
0 961.0
0 961.1
0 961.2
0 961.3
0 961.4
0 961.5
0 961.6
0 961.7
0 961.8
0 961.9
0 962.0
0 962.1
0 962.2
0 962.3
0 962.4
0 962.5
0 962.6
0 962.7
0 962.8
0 962.9
0 963.0
0 963.1
0 963.2
0 963.3
0 963.4
0 963.5
0 963.6
0 963.7
0 963.8
0 963.9
0 964.0
0 964.1
0 964.2
0 964.3
0 964.4
0 964.5
0 964.6
0 964.7
0 964.8
0 964.9
0 965.0
0 965.1
0 965.2
0 965.3
0 965.4
0 965.5
0 965.6
0 965.7
0 965.8
0 965.9
0 966.0
0 966.1
0 966.2
0 966.3
0 966.4
0 966.5
0 966.6
0 966.7
0 966.8
0 966.9
0 967.0
0 967.1
0 967.2
0 967.3
0 967.4
0 967.5
0 967.6
0 967.7
0 967.8
0 967.9
0 968.0
0 968.1
0 968.2
0 968.3
0 968.4
0 968.5
0 968.6
0 968.7
0 968.8
0 968.9
0 969.0
0 969.1
0 969.2
0 969.3
0 969.4
0 969.5
0 969.6
0 969.7
0 969.8
0 969.9
0 970.0
0 970.1
0 970.2
0 970.3
0 970.4
0 970.5
0 970.6
0 970.7
0 970.8
0 970.9
0 971.0
0 971.1
0 971.2
0 971.3
0 971.4
0 971.5
0 971.6
0 971.7
0 971.8
0 971.9
0 972.0
0 972.1
0 972.2
0 972.3
0 972.4
0 972.5
0 972.6
0 972.7
0 972.8
0 972.9
0 973.0
0 973.1
0 973.2
0 973.3
0 973.4
0 973.5
0 973.6
0 973.7
0 973.8
0 973.9
0 974.0
0 974.1
0 974.2
0 974.3
0 974.4
0 974.5
0 974.6
0 974.7
0 974.8
0 974.9
0 975.0
0 975.1
0 975.2
0 975.3
0 975.4
0 975.5
0 975.6
0 975.7
0 975.8
0 975.9
0 976.0
0 976.1
0 976.2
0 976.3
0 976.4
0 976.5
0 976.6
0 976.7
0 976.8
0 976.9
0 977.0
0 977.1
0 977.2
0 977.3
0 977.4
0 977.5
0 977.6
0 977.7
0 977.8
0 977.9
0 978.0
0 978.1
0 978.2
0 978.3
0 978.4
0 978.5
0 978.6
0 978.7
0 978.8
0 978.9
0 979.0
0 979.1
0 979.2
0 979.3
0 979.4
0 979.5
0 979.6
0 979.7
0 979.8
0 979.9
0 980.0
0 980.1
0 980.2
0 980.3
0 980.4
0 980.5
0 980.6
0 980.7
0 980.8
0 980.9
0 981.0
0 981.1
0 981.2
0 981.3
0 981.4
0 981.5
0 981.6
0 981.7
0 981.8
0 981.9
0 982.0
0 982.1
0 982.2
0 982.3
0 982.4
0 982.5
0 982.6
0 982.7
0 982.8
0 982.9
0 983.0
0 983.1
0 983.2
0 983.3
0 983.4
0 983.5
0 983.6
0 983.7
0 983.8
0 983.9
0 984.0
0 984.1
0 984.2
0 984.3
0 984.4
0 984.5
0 984.6
0 984.7
0 984.8
0 984.9
0 985.0
0 985.1
0 985.2
0 985.3
0 985.4
0 985.5
0 985.6
0 985.7
0 985.8
0 985.9
0 986.0
0 986.1
0 986.2
0 986.3
0 986.4
0 986.5
0 986.6
0 986.7
0 986.8
0 986.9
0 987.0
0 987.1
0 987.2
0 987.3
0 987.4
0 987.5
0 987.6
0 987.7
0 987.8
0 987.9
0 988.0
0 988.1
0 988.2
0 988.3
0 988.4
0 988.5
0 988.6
0 988.7
0 988.8
0 988.9
0 989.0
0 989.1
0 989.2
0 989.3
0 989.4
0 989.5
0 989.6
0 989.7
0 989.8
0 989.9
0 990.0
0 990.1
0 990.2
0 990.3
0 990.4
0 990.5
0 990.6
0 990.7
0 990.8
0 990.9
0 991.0
0 991.1
0 991.2
0 991.3
0 991.4
0 991.5
0 991.6
0 991.7
0 991.8
0 991.9
0 992.0
0 992.1
0 992.2
0 992.3
0 992.4
0 992.5
0 992.6
0 992.7
0 992.8
0 992.9
0 993.0
0 993.1
0 993.2
0 993.3
0 993.4
0 993.5
0 993.6
0 993.7
0 993.8
0 993.9
0 994.0
0 994.1
0 994.2
0 994.3
0 994.4
0 994.5
0 994.6
0 994.7
0 994.8
0 994.9
0 995.0
0 995.1
0 995.2
0 995.3
0 995.4
0 995.5
0 995.6
0 995.7
0 995.8
0 995.9
0 996.0
0 996.1
0 996.2
0 996.3
0 996.4
0 996.5
0 996.6
0 996.7
0 996.8
0 996.9
0 997.0
0 997.1
0 997.2
0 997.3
0 997.4
0 997.5
0 997.6
0 997.7
0 997.8
0 997.9
0 998.0
0 998.1
0 998.2
0 998.3
0 998.4
0 998.5
0 998.6
0 998.7
0 998.8
0 998.9
0 999.0
0 999.1
0 999.2
0 999.3
0 999.4
0 999.5
0 999.6
0 999.7
0 999.8
0 999.9
0 1000.0
