Data: 2018-5-30
Czas: 14.34.27
$$$ DANE POMIAROWE PROCESU $$$
Wypelnienie PWM: 011
Czas zgrzewania: 011
-
t [ms]; I [A]; U [V]; F [kN]
0.1; 1288; 0; 0
0.2; 1282; 0; 0
0.3; 1273; 0; 0
0.4; 1253; 0; 0
0.5; 1293; 0; 0
0.6; 1254; 0; 0
0.7; 1262; 0; 0
0.8; 1294; 0; 0
0.9; 1272; 0; 0
1.0; 1277; 0; 0
1.1; 1255; 0; 0
1.2; 1257; 0; 0
1.3; 1264; 0; 0
1.4; 1269; 0; 0
1.5; 1271; 0; 0
1.6; 1272; 0; 0
1.7; 1281; 0; 0
1.8; 1261; 0; 0
1.9; 1301; 0; 0
2.0; 1273; 0; 0
2.1; 1260; 0; 0
2.2; 1282; 0; 0
2.3; 1273; 0; 0
2.4; 1260; 0; 0
2.5; 1244; 0; 0
2.6; 1259; 0; 0
2.7; 1288; 0; 0
2.8; 1305; 0; 0
2.9; 1265; 0; 0
3.0; 1281; 0; 0
3.1; 1294; 0; 0
3.2; 1249; 0; 0
3.3; 1260; 0; 0
3.4; 1272; 0; 0
3.5; 1266; 0; 0
3.6; 1292; 0; 0
3.7; 1262; 0; 0
3.8; 1281; 0; 0
3.9; 1268; 0; 0
4.0; 1270; 0; 0
4.1; 1265; 0; 0
4.2; 1278; 0; 0
4.3; 1268; 0; 0
4.4; 1268; 0; 0
4.5; 1269; 0; 0
4.6; 1262; 0; 0
4.7; 1269; 0; 0
4.8; 1260; 0; 0
4.9; 1282; 0; 0
5.0; 1281; 0; 0
5.1; 1272; 0; 0
5.2; 1272; 0; 0
5.3; 1272; 0; 0
5.4; 1292; 0; 0
5.5; 1301; 0; 0
5.6; 1261; 0; 0
5.7; 1259; 0; 0
5.8; 1266; 0; 0
5.9; 1281; 0; 0
6.0; 1263; 0; 0
6.1; 1254; 0; 0
6.2; 1288; 0; 0
6.3; 1272; 0; 0
6.4; 1289; 0; 0
6.5; 1263; 0; 0
6.6; 1235; 0; 0
6.7; 1250; 0; 0
6.8; 1251; 0; 0
6.9; 1269; 0; 0
7.0; 1276; 0; 0
7.1; 1248; 0; 0
7.2; 1264; 0; 0
7.3; 1293; 0; 0
7.4; 1265; 0; 0
7.5; 1259; 0; 0
7.6; 1274; 0; 0
7.7; 1257; 0; 0
7.8; 1258; 0; 0
7.9; 1294; 0; 0
8.0; 1248; 0; 0
8.1; 1252; 0; 0
8.2; 1278; 0; 0
8.3; 1297; 0; 0
8.4; 1261; 0; 0
8.5; 1251; 0; 0
8.6; 1289; 0; 0
8.7; 1267; 0; 0
8.8; 1258; 0; 0
8.9; 1272; 0; 0
9.0; 1260; 0; 0
9.1; 1298; 0; 0
9.2; 1273; 0; 0
9.3; 1297; 0; 0
9.4; 1244; 0; 0
9.5; 1276; 0; 0
9.6; 1289; 0; 0
9.7; 1284; 0; 0
9.8; 1266; 0; 0
9.9; 1257; 0; 0
10.0; 1269; 0; 0
10.1; 1253; 0; 0
10.2; 1261; 0; 0
10.3; 1255; 0; 0
10.4; 1255; 0; 0
10.5; 1279; 0; 0
10.6; 1262; 0; 0
10.7; 1286; 0; 0
10.8; 1288; 0; 0
10.9; 1276; 0; 0
11.0; 1281; 0; 0
11.1; 1271; 0; 0
11.2; 1276; 0; 0
11.3; 1269; 0; 0
11.4; 1270; 0; 0
11.5; 1276; 0; 0
11.6; 1264; 0; 0
11.7; 1273; 0; 0
11.8; 1262; 0; 0
11.9; 1255; 0; 0
12.0; 1246; 0; 0
12.1; 1274; 0; 0
12.2; 1283; 0; 0
12.3; 1267; 0; 0
12.4; 1268; 0; 0
12.5; 1296; 0; 0
12.6; 1262; 0; 0
12.7; 1275; 0; 0
12.8; 1269; 0; 0
12.9; 1278; 0; 0
13.0; 1244; 0; 0
13.1; 1279; 0; 0
13.2; 1274; 0; 0
13.3; 1262; 0; 0
13.4; 1291; 0; 0
13.5; 1266; 0; 0
13.6; 1290; 0; 0
13.7; 1251; 0; 0
13.8; 1270; 0; 0
13.9; 1271; 0; 0
14.0; 1281; 0; 0
14.1; 1270; 0; 0
14.2; 1273; 0; 0
14.3; 1297; 0; 0
14.4; 1261; 0; 0
14.5; 1245; 0; 0
14.6; 1284; 0; 0
14.7; 1256; 0; 0
14.8; 1292; 0; 0
14.9; 1271; 0; 0
15.0; 1262; 0; 0
15.1; 1266; 0; 0
15.2; 1273; 0; 0
15.3; 1246; 0; 0
15.4; 1259; 0; 0
15.5; 1261; 0; 0
15.6; 1267; 0; 0
15.7; 1274; 0; 0
15.8; 1295; 0; 0
15.9; 1274; 0; 0
16.0; 1251; 0; 0
16.1; 1287; 0; 0
16.2; 1247; 0; 0
16.3; 1263; 0; 0
16.4; 1278; 0; 0
16.5; 1278; 0; 0
16.6; 1265; 0; 0
16.7; 1258; 0; 0
16.8; 1287; 0; 0
16.9; 1254; 0; 0
17.0; 1250; 0; 0
17.1; 1257; 0; 0
17.2; 1261; 0; 0
17.3; 1267; 0; 0
17.4; 1265; 0; 0
17.5; 1260; 0; 0
17.6; 1256; 0; 0
17.7; 1267; 0; 0
17.8; 1258; 0; 0
17.9; 1270; 0; 0
18.0; 1277; 0; 0
18.1; 1263; 0; 0
18.2; 1249; 0; 0
18.3; 1259; 0; 0
18.4; 1282; 0; 0
18.5; 1263; 0; 0
18.6; 1271; 0; 0
18.7; 1275; 0; 0
18.8; 1255; 0; 0
18.9; 1277; 0; 0
19.0; 1253; 0; 0
19.1; 1278; 0; 0
19.2; 1263; 0; 0
19.3; 1260; 0; 0
19.4; 1252; 0; 0
19.5; 1250; 0; 0
19.6; 1265; 0; 0
19.7; 1265; 0; 0
19.8; 1259; 0; 0
19.9; 1261; 0; 0
20.0; 1272; 0; 0
20.1; 1283; 0; 0
20.2; 1276; 0; 0
20.3; 1290; 0; 0
20.4; 1282; 0; 0
20.5; 1263; 0; 0
20.6; 1288; 0; 0
20.7; 1257; 0; 0
20.8; 1282; 0; 0
20.9; 1264; 0; 0
21.0; 1257; 0; 0
21.1; 1278; 0; 0
21.2; 1258; 0; 0
21.3; 1250; 0; 0
21.4; 1251; 0; 0
21.5; 1271; 0; 0
21.6; 1282; 0; 0
21.7; 1273; 0; 0
21.8; 1290; 0; 0
21.9; 1256; 0; 0
22.0; 1286; 0; 0
22.1; 1287; 0; 0
22.2; 1260; 0; 0
22.3; 1270; 0; 0
22.4; 1282; 0; 0
22.5; 1279; 0; 0
22.6; 1277; 0; 0
22.7; 1262; 0; 0
22.8; 1296; 0; 0
22.9; 1250; 0; 0
23.0; 1255; 0; 0
23.1; 1282; 0; 0
23.2; 1293; 0; 0
23.3; 1275; 0; 0
23.4; 1277; 0; 0
23.5; 1253; 0; 0
23.6; 1271; 0; 0
23.7; 1243; 0; 0
23.8; 1294; 0; 0
23.9; 1287; 0; 0
24.0; 1279; 0; 0
24.1; 1250; 0; 0
24.2; 1247; 0; 0
24.3; 1295; 0; 0
24.4; 1268; 0; 0
24.5; 1268; 0; 0
24.6; 1256; 0; 0
24.7; 1259; 0; 0
24.8; 1279; 0; 0
24.9; 1275; 0; 0
25.0; 1267; 0; 0
25.1; 1261; 0; 0
25.2; 1259; 0; 0
25.3; 1272; 0; 0
25.4; 1266; 0; 0
25.5; 1291; 0; 0
25.6; 1267; 0; 0
25.7; 1271; 0; 0
25.8; 1267; 0; 0
25.9; 1275; 0; 0
26.0; 1291; 0; 0
26.1; 1261; 0; 0
26.2; 1262; 0; 0
26.3; 1291; 0; 0
26.4; 1273; 0; 0
26.5; 1269; 0; 0
26.6; 1250; 0; 0
26.7; 1286; 0; 0
26.8; 1271; 0; 0
26.9; 1265; 0; 0
27.0; 1275; 0; 0
27.1; 1303; 0; 0
27.2; 1266; 0; 0
27.3; 1296; 0; 0
27.4; 1275; 0; 0
27.5; 1247; 0; 0
27.6; 1278; 0; 0
27.7; 1266; 0; 0
27.8; 1248; 0; 0
27.9; 1267; 0; 0
28.0; 1291; 0; 0
28.1; 1278; 0; 0
28.2; 1253; 0; 0
28.3; 1270; 0; 0
28.4; 1270; 0; 0
28.5; 1254; 0; 0
28.6; 1275; 0; 0
28.7; 1253; 0; 0
28.8; 1251; 0; 0
28.9; 1259; 0; 0
29.0; 1264; 0; 0
29.1; 1244; 0; 0
29.2; 1288; 0; 0
29.3; 1279; 0; 0
29.4; 1274; 0; 0
29.5; 1255; 0; 0
29.6; 1272; 0; 0
29.7; 1241; 0; 0
29.8; 1281; 0; 0
29.9; 1255; 0; 0
30.0; 1264; 0; 0
30.1; 1278; 0; 0
30.2; 1299; 0; 0
30.3; 1250; 0; 0
30.4; 1267; 0; 0
30.5; 1269; 0; 0
30.6; 1273; 0; 0
30.7; 1291; 0; 0
30.8; 1284; 0; 0
30.9; 1280; 0; 0
31.0; 1259; 0; 0
31.1; 1255; 0; 0
31.2; 1251; 0; 0
31.3; 1257; 0; 0
31.4; 1298; 0; 0
31.5; 1257; 0; 0
31.6; 1277; 0; 0
31.7; 1268; 0; 0
31.8; 1240; 0; 0
31.9; 1284; 0; 0
32.0; 1258; 0; 0
32.1; 1247; 0; 0
32.2; 1240; 0; 0
32.3; 1296; 0; 0
32.4; 1256; 0; 0
32.5; 1253; 0; 0
32.6; 1285; 0; 0
32.7; 1262; 0; 0
32.8; 1277; 0; 0
32.9; 1277; 0; 0
33.0; 1268; 0; 0
33.1; 1262; 0; 0
33.2; 1284; 0; 0
33.3; 1238; 0; 0
33.4; 1274; 0; 0
33.5; 1269; 0; 0
33.6; 1280; 0; 0
33.7; 1262; 0; 0
33.8; 1268; 0; 0
33.9; 1276; 0; 0
34.0; 1252; 0; 0
34.1; 1282; 0; 0
34.2; 1270; 0; 0
34.3; 1278; 0; 0
34.4; 1249; 0; 0
34.5; 1267; 0; 0
34.6; 1262; 0; 0
34.7; 1287; 0; 0
34.8; 1250; 0; 0
34.9; 1253; 0; 0
35.0; 1270; 0; 0
35.1; 1266; 0; 0
35.2; 1271; 0; 0
35.3; 1269; 0; 0
35.4; 1280; 0; 0
35.5; 1270; 0; 0
35.6; 1271; 0; 0
35.7; 1260; 0; 0
35.8; 1263; 0; 0
35.9; 1267; 0; 0
36.0; 1251; 0; 0
36.1; 1276; 0; 0
36.2; 1261; 0; 0
36.3; 1270; 0; 0
36.4; 1268; 0; 0
36.5; 1273; 0; 0
36.6; 1262; 0; 0
36.7; 1268; 0; 0
36.8; 1279; 0; 0
36.9; 1263; 0; 0
37.0; 1282; 0; 0
37.1; 1285; 0; 0
37.2; 1274; 0; 0
37.3; 1284; 0; 0
37.4; 1271; 0; 0
37.5; 1255; 0; 0
37.6; 1281; 0; 0
37.7; 1292; 0; 0
37.8; 1244; 0; 0
37.9; 1269; 0; 0
38.0; 1289; 0; 0
38.1; 1281; 0; 0
38.2; 1292; 0; 0
38.3; 1275; 0; 0
38.4; 1279; 0; 0
38.5; 1260; 0; 0
38.6; 1283; 0; 0
38.7; 1257; 0; 0
38.8; 1263; 0; 0
38.9; 1289; 0; 0
39.0; 1271; 0; 0
39.1; 1292; 0; 0
39.2; 1257; 0; 0
39.3; 1277; 0; 0
39.4; 1256; 0; 0
39.5; 1280; 0; 0
39.6; 1285; 0; 0
39.7; 1274; 0; 0
39.8; 1271; 0; 0
39.9; 1265; 0; 0
40.0; 1261; 0; 0
40.1; 1259; 0; 0
40.2; 1285; 0; 0
40.3; 1264; 0; 0
40.4; 1263; 0; 0
40.5; 1262; 0; 0
40.6; 1268; 0; 0
40.7; 1249; 0; 0
40.8; 1282; 0; 0
40.9; 1257; 0; 0
41.0; 1262; 0; 0
41.1; 1266; 0; 0
41.2; 1253; 0; 0
41.3; 1267; 0; 0
41.4; 1280; 0; 0
41.5; 1257; 0; 0
41.6; 1263; 0; 0
41.7; 1291; 0; 0
41.8; 1267; 0; 0
41.9; 1261; 0; 0
42.0; 1250; 0; 0
42.1; 1292; 0; 0
42.2; 1262; 0; 0
42.3; 1283; 0; 0
42.4; 1261; 0; 0
42.5; 1259; 0; 0
42.6; 1242; 0; 0
42.7; 1261; 0; 0
42.8; 1245; 0; 0
42.9; 1258; 0; 0
43.0; 1240; 0; 0
43.1; 1275; 0; 0
43.2; 1278; 0; 0
43.3; 1252; 0; 0
43.4; 1277; 0; 0
43.5; 1263; 0; 0
43.6; 1282; 0; 0
43.7; 1277; 0; 0
43.8; 1263; 0; 0
43.9; 1276; 0; 0
44.0; 1283; 0; 0
44.1; 1282; 0; 0
44.2; 1273; 0; 0
44.3; 1277; 0; 0
44.4; 1299; 0; 0
44.5; 1266; 0; 0
44.6; 1267; 0; 0
44.7; 1279; 0; 0
44.8; 1266; 0; 0
44.9; 1251; 0; 0
45.0; 1287; 0; 0
45.1; 1269; 0; 0
45.2; 1247; 0; 0
45.3; 1266; 0; 0
45.4; 1291; 0; 0
45.5; 1262; 0; 0
45.6; 1255; 0; 0
45.7; 1268; 0; 0
45.8; 1274; 0; 0
45.9; 1246; 0; 0
46.0; 1265; 0; 0
46.1; 1287; 0; 0
46.2; 1271; 0; 0
46.3; 1250; 0; 0
46.4; 1262; 0; 0
46.5; 1270; 0; 0
46.6; 1258; 0; 0
46.7; 1296; 0; 0
46.8; 1258; 0; 0
46.9; 1261; 0; 0
47.0; 1287; 0; 0
47.1; 1263; 0; 0
47.2; 1262; 0; 0
47.3; 1263; 0; 0
47.4; 1288; 0; 0
47.5; 1260; 0; 0
47.6; 1265; 0; 0
47.7; 1245; 0; 0
47.8; 1285; 0; 0
47.9; 1245; 0; 0
48.0; 1253; 0; 0
48.1; 1268; 0; 0
48.2; 1295; 0; 0
48.3; 1295; 0; 0
48.4; 1273; 0; 0
48.5; 1285; 0; 0
48.6; 1255; 0; 0
48.7; 1247; 0; 0
48.8; 1277; 0; 0
48.9; 1267; 0; 0
49.0; 1251; 0; 0
49.1; 1262; 0; 0
49.2; 1290; 0; 0
49.3; 1269; 0; 0
49.4; 1280; 0; 0
49.5; 1280; 0; 0
49.6; 1275; 0; 0
49.7; 1281; 0; 0
49.8; 1286; 0; 0
49.9; 1259; 0; 0
50.0; 1267; 0; 0
50.1; 1263; 0; 0
50.2; 1277; 0; 0
50.3; 1262; 0; 0
50.4; 1280; 0; 0
50.5; 1275; 0; 0
50.6; 1294; 0; 0
50.7; 1294; 0; 0
50.8; 1250; 0; 0
50.9; 1255; 0; 0
51.0; 1252; 0; 0
51.1; 1244; 0; 0
51.2; 1268; 0; 0
51.3; 1270; 0; 0
51.4; 1263; 0; 0
51.5; 1245; 0; 0
51.6; 1254; 0; 0
51.7; 1296; 0; 0
51.8; 1280; 0; 0
51.9; 1263; 0; 0
52.0; 1276; 0; 0
52.1; 1261; 0; 0
52.2; 1274; 0; 0
52.3; 1283; 0; 0
52.4; 1257; 0; 0
52.5; 1286; 0; 0
52.6; 1248; 0; 0
52.7; 1286; 0; 0
52.8; 1254; 0; 0
52.9; 1250; 0; 0
53.0; 1264; 0; 0
53.1; 1274; 0; 0
53.2; 1286; 0; 0
53.3; 1255; 0; 0
53.4; 1279; 0; 0
53.5; 1248; 0; 0
53.6; 1285; 0; 0
53.7; 1282; 0; 0
53.8; 1284; 0; 0
53.9; 1267; 0; 0
54.0; 1259; 0; 0
54.1; 1293; 0; 0
54.2; 1265; 0; 0
54.3; 1275; 0; 0
54.4; 1283; 0; 0
54.5; 1281; 0; 0
54.6; 1268; 0; 0
54.7; 1272; 0; 0
54.8; 1274; 0; 0
54.9; 1283; 0; 0
55.0; 1293; 0; 0
55.1; 1289; 0; 0
55.2; 1247; 0; 0
55.3; 1262; 0; 0
55.4; 1262; 0; 0
55.5; 1275; 0; 0
55.6; 1253; 0; 0
55.7; 1260; 0; 0
55.8; 1265; 0; 0
55.9; 1284; 0; 0
56.0; 1257; 0; 0
56.1; 1258; 0; 0
56.2; 1270; 0; 0
56.3; 1271; 0; 0
56.4; 1274; 0; 0
56.5; 1273; 0; 0
56.6; 1254; 0; 0
56.7; 1265; 0; 0
56.8; 1260; 0; 0
56.9; 1265; 0; 0
57.0; 1274; 0; 0
57.1; 1264; 0; 0
57.2; 1301; 0; 0
57.3; 1258; 0; 0
57.4; 1269; 0; 0
57.5; 1268; 0; 0
57.6; 1248; 0; 0
57.7; 1269; 0; 0
57.8; 1277; 0; 0
57.9; 1274; 0; 0
58.0; 1292; 0; 0
58.1; 1273; 0; 0
58.2; 1268; 0; 0
58.3; 1280; 0; 0
58.4; 1268; 0; 0
58.5; 1275; 0; 0
58.6; 1288; 0; 0
58.7; 1261; 0; 0
58.8; 1287; 0; 0
58.9; 1272; 0; 0
59.0; 1263; 0; 0
59.1; 1263; 0; 0
59.2; 1256; 0; 0
59.3; 1265; 0; 0
59.4; 1282; 0; 0
59.5; 1267; 0; 0
59.6; 1276; 0; 0
59.7; 1280; 0; 0
59.8; 1266; 0; 0
59.9; 1249; 0; 0
60.0; 1252; 0; 0
60.1; 1244; 0; 0
60.2; 1271; 0; 0
60.3; 1247; 0; 0
60.4; 1284; 0; 0
60.5; 1269; 0; 0
60.6; 1258; 0; 0
60.7; 1247; 0; 0
60.8; 1281; 0; 0
60.9; 1277; 0; 0
61.0; 1264; 0; 0
61.1; 1275; 0; 0
61.2; 1286; 0; 0
61.3; 1275; 0; 0
61.4; 1269; 0; 0
61.5; 1270; 0; 0
61.6; 1282; 0; 0
61.7; 1267; 0; 0
61.8; 1254; 0; 0
61.9; 1272; 0; 0
62.0; 1287; 0; 0
62.1; 1270; 0; 0
62.2; 1276; 0; 0
62.3; 1269; 0; 0
62.4; 1303; 0; 0
62.5; 1262; 0; 0
62.6; 1244; 0; 0
62.7; 1261; 0; 0
62.8; 1279; 0; 0
62.9; 1282; 0; 0
63.0; 1257; 0; 0
63.1; 1293; 0; 0
63.2; 1265; 0; 0
63.3; 1275; 0; 0
63.4; 1256; 0; 0
63.5; 1249; 0; 0
63.6; 1263; 0; 0
63.7; 1268; 0; 0
63.8; 1264; 0; 0
63.9; 1264; 0; 0
64.0; 1273; 0; 0
64.1; 1258; 0; 0
64.2; 1274; 0; 0
64.3; 1271; 0; 0
64.4; 1265; 0; 0
64.5; 1282; 0; 0
64.6; 1267; 0; 0
64.7; 1286; 0; 0
64.8; 1259; 0; 0
64.9; 1290; 0; 0
65.0; 1274; 0; 0
65.1; 1260; 0; 0
65.2; 1287; 0; 0
65.3; 1257; 0; 0
65.4; 1243; 0; 0
65.5; 1255; 0; 0
65.6; 1271; 0; 0
65.7; 1267; 0; 0
65.8; 1259; 0; 0
65.9; 1288; 0; 0
66.0; 1257; 0; 0
66.1; 1272; 0; 0
66.2; 1278; 0; 0
66.3; 1263; 0; 0
66.4; 1258; 0; 0
66.5; 1253; 0; 0
66.6; 1275; 0; 0
66.7; 1267; 0; 0
66.8; 1294; 0; 0
66.9; 1272; 0; 0
67.0; 1255; 0; 0
67.1; 1283; 0; 0
67.2; 1255; 0; 0
67.3; 1243; 0; 0
67.4; 1283; 0; 0
67.5; 1273; 0; 0
67.6; 1293; 0; 0
67.7; 1288; 0; 0
67.8; 1267; 0; 0
67.9; 1287; 0; 0
68.0; 1290; 0; 0
68.1; 1272; 0; 0
68.2; 1261; 0; 0
68.3; 1271; 0; 0
68.4; 1245; 0; 0
68.5; 1276; 0; 0
68.6; 1278; 0; 0
68.7; 1256; 0; 0
68.8; 1284; 0; 0
68.9; 1265; 0; 0
69.0; 1246; 0; 0
69.1; 1243; 0; 0
69.2; 1269; 0; 0
69.3; 1267; 0; 0
69.4; 1297; 0; 0
69.5; 1291; 0; 0
69.6; 1264; 0; 0
69.7; 1249; 0; 0
69.8; 1266; 0; 0
69.9; 1246; 0; 0
70.0; 1294; 0; 0
70.1; 1277; 0; 0
70.2; 1265; 0; 0
70.3; 1277; 0; 0
70.4; 1288; 0; 0
70.5; 1243; 0; 0
70.6; 1271; 0; 0
70.7; 1245; 0; 0
70.8; 1271; 0; 0
70.9; 1251; 0; 0
71.0; 1261; 0; 0
71.1; 1261; 0; 0
71.2; 1303; 0; 0
71.3; 1303; 0; 0
71.4; 1253; 0; 0
71.5; 1284; 0; 0
71.6; 1279; 0; 0
71.7; 1262; 0; 0
71.8; 1279; 0; 0
71.9; 1274; 0; 0
72.0; 1251; 0; 0
72.1; 1273; 0; 0
72.2; 1288; 0; 0
72.3; 1252; 0; 0
72.4; 1268; 0; 0
72.5; 1275; 0; 0
72.6; 1287; 0; 0
72.7; 1250; 0; 0
72.8; 1250; 0; 0
72.9; 1285; 0; 0
73.0; 1295; 0; 0
73.1; 1279; 0; 0
73.2; 1257; 0; 0
73.3; 1288; 0; 0
73.4; 1295; 0; 0
73.5; 1282; 0; 0
73.6; 1266; 0; 0
73.7; 1287; 0; 0
73.8; 1265; 0; 0
73.9; 1261; 0; 0
74.0; 1278; 0; 0
74.1; 1274; 0; 0
74.2; 1264; 0; 0
74.3; 1292; 0; 0
74.4; 1286; 0; 0
74.5; 1255; 0; 0
74.6; 1257; 0; 0
74.7; 1259; 0; 0
74.8; 1269; 0; 0
74.9; 1272; 0; 0
75.0; 1272; 0; 0
75.1; 1276; 0; 0
75.2; 1293; 0; 0
75.3; 1259; 0; 0
75.4; 1279; 0; 0
75.5; 1291; 0; 0
75.6; 1245; 0; 0
75.7; 1289; 0; 0
75.8; 1262; 0; 0
75.9; 1266; 0; 0
76.0; 1268; 0; 0
76.1; 1250; 0; 0
76.2; 1270; 0; 0
76.3; 1246; 0; 0
76.4; 1294; 0; 0
76.5; 1259; 0; 0
76.6; 1283; 0; 0
76.7; 1282; 0; 0
76.8; 1249; 0; 0
76.9; 1274; 0; 0
77.0; 1274; 0; 0
77.1; 1291; 0; 0
77.2; 1259; 0; 0
77.3; 1243; 0; 0
77.4; 1247; 0; 0
77.5; 1263; 0; 0
77.6; 1261; 0; 0
77.7; 1285; 0; 0
77.8; 1286; 0; 0
77.9; 1250; 0; 0
78.0; 1245; 0; 0
78.1; 1265; 0; 0
78.2; 1265; 0; 0
78.3; 1243; 0; 0
78.4; 1288; 0; 0
78.5; 1270; 0; 0
78.6; 1249; 0; 0
78.7; 1264; 0; 0
78.8; 1261; 0; 0
78.9; 1269; 0; 0
79.0; 1253; 0; 0
79.1; 1281; 0; 0
79.2; 1273; 0; 0
79.3; 1265; 0; 0
79.4; 1270; 0; 0
79.5; 1251; 0; 0
79.6; 1276; 0; 0
79.7; 1287; 0; 0
79.8; 1248; 0; 0
79.9; 1258; 0; 0
80.0; 1251; 0; 0
80.1; 1281; 0; 0
80.2; 1277; 0; 0
80.3; 1273; 0; 0
80.4; 1278; 0; 0
80.5; 1266; 0; 0
80.6; 1285; 0; 0
80.7; 1280; 0; 0
80.8; 1291; 0; 0
80.9; 1258; 0; 0
81.0; 1265; 0; 0
81.1; 1276; 0; 0
81.2; 1264; 0; 0
81.3; 1260; 0; 0
81.4; 1276; 0; 0
81.5; 1279; 0; 0
81.6; 1251; 0; 0
81.7; 1279; 0; 0
81.8; 1290; 0; 0
81.9; 1257; 0; 0
82.0; 1264; 0; 0
82.1; 1286; 0; 0
82.2; 1256; 0; 0
82.3; 1275; 0; 0
82.4; 1287; 0; 0
82.5; 1272; 0; 0
82.6; 1251; 0; 0
82.7; 1282; 0; 0
82.8; 1275; 0; 0
82.9; 1296; 0; 0
83.0; 1258; 0; 0
83.1; 1273; 0; 0
83.2; 1257; 0; 0
83.3; 1268; 0; 0
83.4; 1268; 0; 0
83.5; 1271; 0; 0
83.6; 1279; 0; 0
83.7; 1248; 0; 0
83.8; 1288; 0; 0
83.9; 1250; 0; 0
84.0; 1252; 0; 0
84.1; 1282; 0; 0
84.2; 1251; 0; 0
84.3; 1251; 0; 0
84.4; 1275; 0; 0
84.5; 1274; 0; 0
84.6; 1259; 0; 0
84.7; 1273; 0; 0
84.8; 1255; 0; 0
84.9; 1267; 0; 0
85.0; 1276; 0; 0
85.1; 1301; 0; 0
85.2; 1263; 0; 0
85.3; 1271; 0; 0
85.4; 1263; 0; 0
85.5; 1253; 0; 0
85.6; 1257; 0; 0
85.7; 1254; 0; 0
85.8; 1275; 0; 0
85.9; 1259; 0; 0
86.0; 1295; 0; 0
86.1; 1267; 0; 0
86.2; 1240; 0; 0
86.3; 1263; 0; 0
86.4; 1273; 0; 0
86.5; 1269; 0; 0
86.6; 1253; 0; 0
86.7; 1256; 0; 0
86.8; 1252; 0; 0
86.9; 1249; 0; 0
87.0; 1278; 0; 0
87.1; 1251; 0; 0
87.2; 1269; 0; 0
87.3; 1261; 0; 0
87.4; 1293; 0; 0
87.5; 1290; 0; 0
87.6; 1282; 0; 0
87.7; 1274; 0; 0
87.8; 1250; 0; 0
87.9; 1279; 0; 0
88.0; 1279; 0; 0
88.1; 1286; 0; 0
88.2; 1273; 0; 0
88.3; 1255; 0; 0
88.4; 1274; 0; 0
88.5; 1249; 0; 0
88.6; 1281; 0; 0
88.7; 1247; 0; 0
88.8; 1248; 0; 0
88.9; 1267; 0; 0
89.0; 1275; 0; 0
89.1; 1259; 0; 0
89.2; 1274; 0; 0
89.3; 1270; 0; 0
89.4; 1265; 0; 0
89.5; 1270; 0; 0
89.6; 1275; 0; 0
89.7; 1263; 0; 0
89.8; 1254; 0; 0
89.9; 1297; 0; 0
90.0; 1259; 0; 0
90.1; 1272; 0; 0
90.2; 1271; 0; 0
90.3; 1288; 0; 0
90.4; 1278; 0; 0
90.5; 1279; 0; 0
90.6; 1292; 0; 0
90.7; 1283; 0; 0
90.8; 1255; 0; 0
90.9; 1293; 0; 0
91.0; 1277; 0; 0
91.1; 1268; 0; 0
91.2; 1258; 0; 0
91.3; 1259; 0; 0
91.4; 1278; 0; 0
91.5; 1278; 0; 0
91.6; 1258; 0; 0
91.7; 1258; 0; 0
91.8; 1243; 0; 0
91.9; 1295; 0; 0
92.0; 1264; 0; 0
92.1; 1248; 0; 0
92.2; 1252; 0; 0
92.3; 1281; 0; 0
92.4; 1267; 0; 0
92.5; 1282; 0; 0
92.6; 1265; 0; 0
92.7; 1261; 0; 0
92.8; 1274; 0; 0
92.9; 1274; 0; 0
93.0; 1246; 0; 0
93.1; 1257; 0; 0
93.2; 1281; 0; 0
93.3; 1274; 0; 0
93.4; 1291; 0; 0
93.5; 1271; 0; 0
93.6; 1257; 0; 0
93.7; 1287; 0; 0
93.8; 1275; 0; 0
93.9; 1256; 0; 0
94.0; 1266; 0; 0
94.1; 1281; 0; 0
94.2; 1250; 0; 0
94.3; 1243; 0; 0
94.4; 1261; 0; 0
94.5; 1270; 0; 0
94.6; 1259; 0; 0
94.7; 1262; 0; 0
94.8; 1283; 0; 0
94.9; 1259; 0; 0
95.0; 1269; 0; 0
95.1; 1285; 0; 0
95.2; 1269; 0; 0
95.3; 1261; 0; 0
95.4; 1281; 0; 0
95.5; 1284; 0; 0
95.6; 1262; 0; 0
95.7; 1266; 0; 0
95.8; 1288; 0; 0
95.9; 1259; 0; 0
96.0; 1267; 0; 0
96.1; 1274; 0; 0
96.2; 1295; 0; 0
96.3; 1257; 0; 0
96.4; 1267; 0; 0
96.5; 1282; 0; 0
96.6; 1278; 0; 0
96.7; 1259; 0; 0
96.8; 1265; 0; 0
96.9; 1258; 0; 0
97.0; 1262; 0; 0
97.1; 1290; 0; 0
97.2; 1285; 0; 0
97.3; 1284; 0; 0
97.4; 1278; 0; 0
97.5; 1272; 0; 0
97.6; 1252; 0; 0
97.7; 1276; 0; 0
97.8; 1251; 0; 0
97.9; 1255; 0; 0
98.0; 1267; 0; 0
98.1; 1257; 0; 0
98.2; 1297; 0; 0
98.3; 1284; 0; 0
98.4; 1256; 0; 0
98.5; 1258; 0; 0
98.6; 1287; 0; 0
98.7; 1243; 0; 0
98.8; 1247; 0; 0
98.9; 1287; 0; 0
99.0; 1275; 0; 0
99.1; 1273; 0; 0
99.2; 1276; 0; 0
99.3; 1256; 0; 0
99.4; 1292; 0; 0
99.5; 1275; 0; 0
99.6; 1280; 0; 0
99.7; 1255; 0; 0
99.8; 1291; 0; 0
99.9; 1256; 0; 0
100.0; 1272; 0; 0
100.1; 1290; 0; 0
100.2; 1282; 0; 0
100.3; 1292; 0; 0
100.4; 1281; 0; 0
100.5; 1274; 0; 0
100.6; 1283; 0; 0
100.7; 1268; 0; 0
100.8; 1271; 0; 0
100.9; 1271; 0; 0
101.0; 1288; 0; 0
101.1; 1257; 0; 0
101.2; 1275; 0; 0
101.3; 1255; 0; 0
101.4; 1251; 0; 0
101.5; 1275; 0; 0
101.6; 1268; 0; 0
101.7; 1249; 0; 0
101.8; 1297; 0; 0
101.9; 1300; 0; 0
102.0; 1278; 0; 0
102.1; 1286; 0; 0
102.2; 1279; 0; 0
102.3; 1270; 0; 0
102.4; 1243; 0; 0
102.5; 1251; 0; 0
102.6; 1291; 0; 0
102.7; 1281; 0; 0
102.8; 1254; 0; 0
102.9; 1249; 0; 0
103.0; 1261; 0; 0
103.1; 1269; 0; 0
103.2; 1251; 0; 0
103.3; 1283; 0; 0
103.4; 1286; 0; 0
103.5; 1253; 0; 0
103.6; 1268; 0; 0
103.7; 1247; 0; 0
103.8; 1251; 0; 0
103.9; 1269; 0; 0
104.0; 1263; 0; 0
104.1; 1261; 0; 0
104.2; 1283; 0; 0
104.3; 1250; 0; 0
104.4; 1280; 0; 0
104.5; 1281; 0; 0
104.6; 1291; 0; 0
104.7; 1282; 0; 0
104.8; 1273; 0; 0
104.9; 1259; 0; 0
105.0; 1263; 0; 0
105.1; 1267; 0; 0
105.2; 1283; 0; 0
105.3; 1261; 0; 0
105.4; 1269; 0; 0
105.5; 1270; 0; 0
105.6; 1260; 0; 0
105.7; 1267; 0; 0
105.8; 1247; 0; 0
105.9; 1251; 0; 0
106.0; 1283; 0; 0
106.1; 1285; 0; 0
106.2; 1251; 0; 0
106.3; 1285; 0; 0
106.4; 1255; 0; 0
106.5; 1266; 0; 0
106.6; 1268; 0; 0
106.7; 1294; 0; 0
106.8; 1263; 0; 0
106.9; 1251; 0; 0
107.0; 1271; 0; 0
107.1; 1273; 0; 0
107.2; 1269; 0; 0
107.3; 1267; 0; 0
107.4; 1290; 0; 0
107.5; 1261; 0; 0
107.6; 1263; 0; 0
107.7; 1259; 0; 0
107.8; 1246; 0; 0
107.9; 1283; 0; 0
108.0; 1271; 0; 0
108.1; 1276; 0; 0
108.2; 1249; 0; 0
108.3; 1240; 0; 0
108.4; 1269; 0; 0
108.5; 1279; 0; 0
108.6; 1271; 0; 0
108.7; 1275; 0; 0
108.8; 1263; 0; 0
108.9; 1273; 0; 0
109.0; 1256; 0; 0
109.1; 1276; 0; 0
109.2; 1249; 0; 0
109.3; 1267; 0; 0
109.4; 1260; 0; 0
109.5; 1263; 0; 0
109.6; 1294; 0; 0
109.7; 1291; 0; 0
109.8; 1269; 0; 0
109.9; 1288; 0; 0
110.0; 1271; 0; 0
110.1; 1257; 0; 0
110.2; 1263; 0; 0
110.3; 1277; 0; 0
110.4; 1263; 0; 0
110.5; 1267; 0; 0
110.6; 1274; 0; 0
110.7; 1297; 0; 0
110.8; 1305; 0; 0
110.9; 1290; 0; 0
111.0; 1264; 0; 0
111.1; 1257; 0; 0
111.2; 1289; 0; 0
111.3; 1267; 0; 0
111.4; 1255; 0; 0
111.5; 1287; 0; 0
111.6; 1243; 0; 0
111.7; 1288; 0; 0
111.8; 1267; 0; 0
111.9; 1278; 0; 0
112.0; 1277; 0; 0
112.1; 1261; 0; 0
112.2; 1274; 0; 0
112.3; 1271; 0; 0
112.4; 1259; 0; 0
112.5; 1264; 0; 0
112.6; 1265; 0; 0
112.7; 1296; 0; 0
112.8; 1282; 0; 0
112.9; 1285; 0; 0
113.0; 1251; 0; 0
113.1; 1275; 0; 0
113.2; 1245; 0; 0
113.3; 1270; 0; 0
113.4; 1249; 0; 0
113.5; 1276; 0; 0
113.6; 1256; 0; 0
113.7; 1247; 0; 0
113.8; 1272; 0; 0
113.9; 1268; 0; 0
114.0; 1285; 0; 0
114.1; 1283; 0; 0
114.2; 1271; 0; 0
114.3; 1265; 0; 0
114.4; 1265; 0; 0
114.5; 1294; 0; 0
114.6; 1262; 0; 0
114.7; 1264; 0; 0
114.8; 1297; 0; 0
114.9; 1274; 0; 0
115.0; 1259; 0; 0
115.1; 1291; 0; 0
115.2; 1293; 0; 0
115.3; 1253; 0; 0
115.4; 1272; 0; 0
115.5; 1280; 0; 0
115.6; 1289; 0; 0
115.7; 1273; 0; 0
115.8; 1247; 0; 0
115.9; 1251; 0; 0
116.0; 1262; 0; 0
116.1; 1256; 0; 0
116.2; 1258; 0; 0
116.3; 1255; 0; 0
116.4; 1268; 0; 0
116.5; 1260; 0; 0
116.6; 1248; 0; 0
116.7; 1279; 0; 0
116.8; 1274; 0; 0
116.9; 1275; 0; 0
117.0; 1257; 0; 0
117.1; 1263; 0; 0
117.2; 1254; 0; 0
117.3; 1256; 0; 0
117.4; 1277; 0; 0
117.5; 1285; 0; 0
117.6; 1250; 0; 0
117.7; 1243; 0; 0
117.8; 1264; 0; 0
117.9; 1272; 0; 0
118.0; 1263; 0; 0
118.1; 1262; 0; 0
118.2; 1267; 0; 0
118.3; 1252; 0; 0
118.4; 1283; 0; 0
118.5; 1261; 0; 0
118.6; 1272; 0; 0
118.7; 1252; 0; 0
118.8; 1259; 0; 0
118.9; 1253; 0; 0
119.0; 1290; 0; 0
119.1; 1282; 0; 0
119.2; 1279; 0; 0
119.3; 1280; 0; 0
119.4; 1267; 0; 0
119.5; 1255; 0; 0
119.6; 1295; 0; 0
119.7; 1245; 0; 0
119.8; 1261; 0; 0
119.9; 1282; 0; 0
120.0; 1256; 0; 0
120.1; 1277; 0; 0
120.2; 1283; 0; 0
120.3; 1294; 0; 0
120.4; 1239; 0; 0
120.5; 1263; 0; 0
120.6; 1264; 0; 0
120.7; 1288; 0; 0
120.8; 1252; 0; 0
120.9; 1280; 0; 0
121.0; 1278; 0; 0
121.1; 1289; 0; 0
121.2; 1247; 0; 0
121.3; 1264; 0; 0
121.4; 1270; 0; 0
121.5; 1253; 0; 0
121.6; 1271; 0; 0
121.7; 1267; 0; 0
121.8; 1273; 0; 0
121.9; 1272; 0; 0
122.0; 1279; 0; 0
122.1; 1258; 0; 0
122.2; 1279; 0; 0
122.3; 1254; 0; 0
122.4; 1243; 0; 0
122.5; 1275; 0; 0
122.6; 1294; 0; 0
122.7; 1256; 0; 0
122.8; 1260; 0; 0
122.9; 1295; 0; 0
123.0; 1259; 0; 0
123.1; 1282; 0; 0
123.2; 1246; 0; 0
123.3; 1277; 0; 0
123.4; 1277; 0; 0
123.5; 1266; 0; 0
123.6; 1269; 0; 0
123.7; 1260; 0; 0
123.8; 1268; 0; 0
123.9; 1242; 0; 0
124.0; 1275; 0; 0
124.1; 1269; 0; 0
124.2; 1243; 0; 0
124.3; 1259; 0; 0
124.4; 1274; 0; 0
124.5; 1274; 0; 0
124.6; 1279; 0; 0
124.7; 1278; 0; 0
124.8; 1271; 0; 0
124.9; 1259; 0; 0
125.0; 1271; 0; 0
125.1; 1275; 0; 0
125.2; 1273; 0; 0
125.3; 1250; 0; 0
125.4; 1258; 0; 0
125.5; 1286; 0; 0
125.6; 1295; 0; 0
125.7; 1270; 0; 0
125.8; 1259; 0; 0
125.9; 1290; 0; 0
126.0; 1280; 0; 0
126.1; 1267; 0; 0
126.2; 1282; 0; 0
126.3; 1275; 0; 0
126.4; 1281; 0; 0
126.5; 1271; 0; 0
126.6; 1279; 0; 0
126.7; 1279; 0; 0
126.8; 1247; 0; 0
126.9; 1259; 0; 0
127.0; 1261; 0; 0
127.1; 1262; 0; 0
127.2; 1269; 0; 0
127.3; 1297; 0; 0
127.4; 1284; 0; 0
127.5; 1288; 0; 0
127.6; 1255; 0; 0
127.7; 1290; 0; 0
127.8; 1257; 0; 0
127.9; 1270; 0; 0
128.0; 1273; 0; 0
128.1; 1262; 0; 0
128.2; 1284; 0; 0
128.3; 1277; 0; 0
128.4; 1270; 0; 0
128.5; 1242; 0; 0
128.6; 1270; 0; 0
128.7; 1254; 0; 0
128.8; 1258; 0; 0
128.9; 1267; 0; 0
129.0; 1286; 0; 0
129.1; 1279; 0; 0
129.2; 1275; 0; 0
129.3; 1261; 0; 0
129.4; 1276; 0; 0
129.5; 1282; 0; 0
129.6; 1262; 0; 0
129.7; 1295; 0; 0
129.8; 1283; 0; 0
129.9; 1282; 0; 0
130.0; 1288; 0; 0
130.1; 1294; 0; 0
130.2; 1248; 0; 0
130.3; 1268; 0; 0
130.4; 1267; 0; 0
130.5; 1257; 0; 0
130.6; 1292; 0; 0
130.7; 1269; 0; 0
130.8; 1254; 0; 0
130.9; 1258; 0; 0
131.0; 1255; 0; 0
131.1; 1266; 0; 0
131.2; 1282; 0; 0
131.3; 1288; 0; 0
131.4; 1257; 0; 0
131.5; 1268; 0; 0
131.6; 1247; 0; 0
131.7; 1294; 0; 0
131.8; 1256; 0; 0
131.9; 1282; 0; 0
132.0; 1262; 0; 0
132.1; 1272; 0; 0
132.2; 1280; 0; 0
132.3; 1287; 0; 0
132.4; 1273; 0; 0
132.5; 1265; 0; 0
132.6; 1266; 0; 0
132.7; 1282; 0; 0
132.8; 1269; 0; 0
132.9; 1251; 0; 0
133.0; 1249; 0; 0
133.1; 1272; 0; 0
133.2; 1252; 0; 0
133.3; 1284; 0; 0
133.4; 1269; 0; 0
133.5; 1258; 0; 0
133.6; 1272; 0; 0
133.7; 1267; 0; 0
133.8; 1282; 0; 0
133.9; 1256; 0; 0
134.0; 1275; 0; 0
134.1; 1268; 0; 0
134.2; 1272; 0; 0
134.3; 1279; 0; 0
134.4; 1271; 0; 0
134.5; 1278; 0; 0
134.6; 1271; 0; 0
134.7; 1251; 0; 0
134.8; 1252; 0; 0
134.9; 1283; 0; 0
135.0; 1278; 0; 0
135.1; 1256; 0; 0
135.2; 1271; 0; 0
135.3; 1267; 0; 0
135.4; 1252; 0; 0
135.5; 1263; 0; 0
135.6; 1284; 0; 0
135.7; 1241; 0; 0
135.8; 1286; 0; 0
135.9; 1278; 0; 0
136.0; 1276; 0; 0
136.1; 1265; 0; 0
136.2; 1247; 0; 0
136.3; 1266; 0; 0
136.4; 1282; 0; 0
136.5; 1247; 0; 0
136.6; 1284; 0; 0
136.7; 1267; 0; 0
136.8; 1253; 0; 0
136.9; 1301; 0; 0
137.0; 1245; 0; 0
137.1; 1271; 0; 0
137.2; 1282; 0; 0
137.3; 1263; 0; 0
137.4; 1247; 0; 0
137.5; 1281; 0; 0
137.6; 1275; 0; 0
137.7; 1286; 0; 0
137.8; 1253; 0; 0
137.9; 1249; 0; 0
138.0; 1259; 0; 0
138.1; 1279; 0; 0
138.2; 1287; 0; 0
138.3; 1285; 0; 0
138.4; 1277; 0; 0
138.5; 1261; 0; 0
138.6; 1286; 0; 0
138.7; 1280; 0; 0
138.8; 1259; 0; 0
138.9; 1247; 0; 0
139.0; 1260; 0; 0
139.1; 1275; 0; 0
139.2; 1289; 0; 0
139.3; 1277; 0; 0
139.4; 1249; 0; 0
139.5; 1248; 0; 0
139.6; 1274; 0; 0
139.7; 1293; 0; 0
139.8; 1250; 0; 0
139.9; 1286; 0; 0
140.0; 1301; 0; 0
140.1; 1272; 0; 0
140.2; 1237; 0; 0
140.3; 1270; 0; 0
140.4; 1286; 0; 0
140.5; 1275; 0; 0
140.6; 1273; 0; 0
140.7; 1295; 0; 0
140.8; 1245; 0; 0
140.9; 1279; 0; 0
141.0; 1273; 0; 0
141.1; 1293; 0; 0
141.2; 1267; 0; 0
141.3; 1283; 0; 0
141.4; 1278; 0; 0
141.5; 1257; 0; 0
141.6; 1262; 0; 0
141.7; 1292; 0; 0
141.8; 1251; 0; 0
141.9; 1282; 0; 0
142.0; 1257; 0; 0
142.1; 1280; 0; 0
142.2; 1274; 0; 0
142.3; 1277; 0; 0
142.4; 1281; 0; 0
142.5; 1258; 0; 0
142.6; 1276; 0; 0
142.7; 1263; 0; 0
142.8; 1259; 0; 0
142.9; 1272; 0; 0
143.0; 1291; 0; 0
143.1; 1282; 0; 0
143.2; 1285; 0; 0
143.3; 1261; 0; 0
143.4; 1283; 0; 0
143.5; 1264; 0; 0
143.6; 1274; 0; 0
143.7; 1270; 0; 0
143.8; 1258; 0; 0
143.9; 1254; 0; 0
144.0; 1291; 0; 0
144.1; 1265; 0; 0
144.2; 1253; 0; 0
144.3; 1262; 0; 0
144.4; 1272; 0; 0
144.5; 1267; 0; 0
144.6; 1266; 0; 0
144.7; 1277; 0; 0
144.8; 1249; 0; 0
144.9; 1278; 0; 0
145.0; 1273; 0; 0
145.1; 1261; 0; 0
145.2; 1286; 0; 0
145.3; 1266; 0; 0
145.4; 1262; 0; 0
145.5; 1276; 0; 0
145.6; 1284; 0; 0
145.7; 1272; 0; 0
145.8; 1270; 0; 0
145.9; 1282; 0; 0
146.0; 1257; 0; 0
146.1; 1271; 0; 0
146.2; 1261; 0; 0
146.3; 1268; 0; 0
146.4; 1248; 0; 0
146.5; 1268; 0; 0
146.6; 1267; 0; 0
146.7; 1253; 0; 0
146.8; 1267; 0; 0
146.9; 1261; 0; 0
147.0; 1254; 0; 0
147.1; 1268; 0; 0
147.2; 1258; 0; 0
147.3; 1279; 0; 0
147.4; 1285; 0; 0
147.5; 1275; 0; 0
147.6; 1262; 0; 0
147.7; 1261; 0; 0
147.8; 1285; 0; 0
147.9; 1266; 0; 0
148.0; 1264; 0; 0
148.1; 1244; 0; 0
148.2; 1250; 0; 0
148.3; 1270; 0; 0
148.4; 1259; 0; 0
148.5; 1291; 0; 0
148.6; 1272; 0; 0
148.7; 1293; 0; 0
148.8; 1263; 0; 0
148.9; 1254; 0; 0
149.0; 1248; 0; 0
149.1; 1292; 0; 0
149.2; 1272; 0; 0
149.3; 1273; 0; 0
149.4; 1280; 0; 0
149.5; 1288; 0; 0
149.6; 1275; 0; 0
149.7; 1278; 0; 0
149.8; 1279; 0; 0
149.9; 1259; 0; 0
150.0; 1285; 0; 0
150.1; 1260; 0; 0
150.2; 1288; 0; 0
150.3; 1264; 0; 0
150.4; 1263; 0; 0
150.5; 1265; 0; 0
150.6; 1259; 0; 0
150.7; 1270; 0; 0
150.8; 1267; 0; 0
150.9; 1255; 0; 0
151.0; 1274; 0; 0
151.1; 1268; 0; 0
151.2; 1266; 0; 0
151.3; 1269; 0; 0
151.4; 1251; 0; 0
151.5; 1279; 0; 0
151.6; 1274; 0; 0
151.7; 1263; 0; 0
151.8; 1253; 0; 0
151.9; 1262; 0; 0
152.0; 1260; 0; 0
152.1; 1262; 0; 0
152.2; 1283; 0; 0
152.3; 1247; 0; 0
152.4; 1294; 0; 0
152.5; 1257; 0; 0
152.6; 1287; 0; 0
152.7; 1265; 0; 0
152.8; 1272; 0; 0
152.9; 1265; 0; 0
153.0; 1287; 0; 0
153.1; 1295; 0; 0
153.2; 1261; 0; 0
153.3; 1258; 0; 0
153.4; 1284; 0; 0
153.5; 1287; 0; 0
153.6; 1272; 0; 0
153.7; 1256; 0; 0
153.8; 1274; 0; 0
153.9; 1285; 0; 0
154.0; 1296; 0; 0
154.1; 1249; 0; 0
154.2; 1278; 0; 0
154.3; 1270; 0; 0
154.4; 1277; 0; 0
154.5; 1244; 0; 0
154.6; 1249; 0; 0
154.7; 1276; 0; 0
154.8; 1282; 0; 0
154.9; 1260; 0; 0
155.0; 1265; 0; 0
155.1; 1273; 0; 0
155.2; 1248; 0; 0
155.3; 1257; 0; 0
155.4; 1250; 0; 0
155.5; 1268; 0; 0
155.6; 1292; 0; 0
155.7; 1270; 0; 0
155.8; 1280; 0; 0
155.9; 1260; 0; 0
156.0; 1287; 0; 0
156.1; 1281; 0; 0
156.2; 1284; 0; 0
156.3; 1268; 0; 0
156.4; 1256; 0; 0
156.5; 1289; 0; 0
156.6; 1283; 0; 0
156.7; 1284; 0; 0
156.8; 1253; 0; 0
156.9; 1250; 0; 0
157.0; 1248; 0; 0
157.1; 1245; 0; 0
157.2; 1246; 0; 0
157.3; 1284; 0; 0
157.4; 1262; 0; 0
157.5; 1263; 0; 0
157.6; 1290; 0; 0
157.7; 1269; 0; 0
157.8; 1254; 0; 0
157.9; 1292; 0; 0
158.0; 1270; 0; 0
158.1; 1276; 0; 0
158.2; 1281; 0; 0
158.3; 1247; 0; 0
158.4; 1291; 0; 0
158.5; 1279; 0; 0
158.6; 1253; 0; 0
158.7; 1286; 0; 0
158.8; 1275; 0; 0
158.9; 1263; 0; 0
159.0; 1261; 0; 0
159.1; 1264; 0; 0
159.2; 1274; 0; 0
159.3; 1257; 0; 0
159.4; 1278; 0; 0
159.5; 1293; 0; 0
159.6; 1270; 0; 0
159.7; 1242; 0; 0
159.8; 1291; 0; 0
159.9; 1289; 0; 0
160.0; 1256; 0; 0
160.1; 1251; 0; 0
160.2; 1261; 0; 0
160.3; 1292; 0; 0
160.4; 1271; 0; 0
160.5; 1263; 0; 0
160.6; 1273; 0; 0
160.7; 1273; 0; 0
160.8; 1252; 0; 0
160.9; 1245; 0; 0
161.0; 1281; 0; 0
161.1; 1282; 0; 0
161.2; 1268; 0; 0
161.3; 1253; 0; 0
161.4; 1246; 0; 0
161.5; 1241; 0; 0
161.6; 1260; 0; 0
161.7; 1242; 0; 0
161.8; 1269; 0; 0
161.9; 1296; 0; 0
162.0; 1266; 0; 0
162.1; 1261; 0; 0
162.2; 1257; 0; 0
162.3; 1275; 0; 0
162.4; 1264; 0; 0
162.5; 1253; 0; 0
162.6; 1284; 0; 0
162.7; 1263; 0; 0
162.8; 1275; 0; 0
162.9; 1246; 0; 0
163.0; 1272; 0; 0
163.1; 1249; 0; 0
163.2; 1255; 0; 0
163.3; 1268; 0; 0
163.4; 1271; 0; 0
163.5; 1268; 0; 0
163.6; 1242; 0; 0
163.7; 1265; 0; 0
163.8; 1279; 0; 0
163.9; 1301; 0; 0
164.0; 1249; 0; 0
164.1; 1267; 0; 0
164.2; 1285; 0; 0
164.3; 1276; 0; 0
164.4; 1258; 0; 0
164.5; 1276; 0; 0
164.6; 1285; 0; 0
164.7; 1246; 0; 0
164.8; 1254; 0; 0
164.9; 1253; 0; 0
165.0; 1259; 0; 0
165.1; 1277; 0; 0
165.2; 1285; 0; 0
165.3; 1267; 0; 0
165.4; 1280; 0; 0
165.5; 1259; 0; 0
165.6; 1255; 0; 0
165.7; 1262; 0; 0
165.8; 1257; 0; 0
165.9; 1283; 0; 0
166.0; 1249; 0; 0
166.1; 1281; 0; 0
166.2; 1288; 0; 0
166.3; 1260; 0; 0
166.4; 1273; 0; 0
166.5; 1270; 0; 0
166.6; 1257; 0; 0
166.7; 1255; 0; 0
166.8; 1267; 0; 0
166.9; 1288; 0; 0
167.0; 1251; 0; 0
167.1; 1259; 0; 0
167.2; 1257; 0; 0
167.3; 1271; 0; 0
167.4; 1278; 0; 0
167.5; 1285; 0; 0
167.6; 1269; 0; 0
167.7; 1255; 0; 0
167.8; 1282; 0; 0
167.9; 1269; 0; 0
168.0; 1274; 0; 0
168.1; 1256; 0; 0
168.2; 1293; 0; 0
168.3; 1262; 0; 0
168.4; 1293; 0; 0
168.5; 1293; 0; 0
168.6; 1263; 0; 0
168.7; 1265; 0; 0
168.8; 1275; 0; 0
168.9; 1278; 0; 0
169.0; 1268; 0; 0
169.1; 1263; 0; 0
169.2; 1255; 0; 0
169.3; 1293; 0; 0
169.4; 1281; 0; 0
169.5; 1246; 0; 0
169.6; 1264; 0; 0
169.7; 1275; 0; 0
169.8; 1258; 0; 0
169.9; 1272; 0; 0
170.0; 1291; 0; 0
170.1; 1262; 0; 0
170.2; 1293; 0; 0
170.3; 1269; 0; 0
170.4; 1270; 0; 0
170.5; 1293; 0; 0
170.6; 1278; 0; 0
170.7; 1277; 0; 0
170.8; 1278; 0; 0
170.9; 1273; 0; 0
171.0; 1269; 0; 0
171.1; 1269; 0; 0
171.2; 1269; 0; 0
171.3; 1258; 0; 0
171.4; 1268; 0; 0
171.5; 1278; 0; 0
171.6; 1265; 0; 0
171.7; 1257; 0; 0
171.8; 1287; 0; 0
171.9; 1258; 0; 0
172.0; 1277; 0; 0
172.1; 1283; 0; 0
172.2; 1243; 0; 0
172.3; 1287; 0; 0
172.4; 1279; 0; 0
172.5; 1252; 0; 0
172.6; 1244; 0; 0
172.7; 1271; 0; 0
172.8; 1277; 0; 0
172.9; 1286; 0; 0
173.0; 1289; 0; 0
173.1; 1280; 0; 0
173.2; 1268; 0; 0
173.3; 1287; 0; 0
173.4; 1280; 0; 0
173.5; 1269; 0; 0
173.6; 1257; 0; 0
173.7; 1285; 0; 0
173.8; 1276; 0; 0
173.9; 1293; 0; 0
174.0; 1250; 0; 0
174.1; 1258; 0; 0
174.2; 1281; 0; 0
174.3; 1267; 0; 0
174.4; 1268; 0; 0
174.5; 1288; 0; 0
174.6; 1290; 0; 0
174.7; 1279; 0; 0
174.8; 1273; 0; 0
174.9; 1274; 0; 0
175.0; 1268; 0; 0
175.1; 1271; 0; 0
175.2; 1274; 0; 0
175.3; 1261; 0; 0
175.4; 1286; 0; 0
175.5; 1270; 0; 0
175.6; 1273; 0; 0
175.7; 1265; 0; 0
175.8; 1262; 0; 0
175.9; 1281; 0; 0
176.0; 1288; 0; 0
176.1; 1276; 0; 0
176.2; 1268; 0; 0
176.3; 1282; 0; 0
176.4; 1275; 0; 0
176.5; 1287; 0; 0
176.6; 1287; 0; 0
176.7; 1275; 0; 0
176.8; 1258; 0; 0
176.9; 1259; 0; 0
177.0; 1289; 0; 0
177.1; 1269; 0; 0
177.2; 1280; 0; 0
177.3; 1254; 0; 0
177.4; 1278; 0; 0
177.5; 1287; 0; 0
177.6; 1262; 0; 0
177.7; 1287; 0; 0
177.8; 1260; 0; 0
177.9; 1279; 0; 0
178.0; 1260; 0; 0
178.1; 1261; 0; 0
178.2; 1259; 0; 0
178.3; 1268; 0; 0
178.4; 1245; 0; 0
178.5; 1274; 0; 0
178.6; 1274; 0; 0
178.7; 1257; 0; 0
178.8; 1294; 0; 0
178.9; 1244; 0; 0
179.0; 1288; 0; 0
179.1; 1271; 0; 0
179.2; 1286; 0; 0
179.3; 1273; 0; 0
179.4; 1267; 0; 0
179.5; 1272; 0; 0
179.6; 1279; 0; 0
179.7; 1275; 0; 0
179.8; 1275; 0; 0
179.9; 1262; 0; 0
180.0; 1286; 0; 0
180.1; 1265; 0; 0
180.2; 1269; 0; 0
180.3; 1255; 0; 0
180.4; 1284; 0; 0
180.5; 1288; 0; 0
180.6; 1254; 0; 0
180.7; 1285; 0; 0
180.8; 1271; 0; 0
180.9; 1290; 0; 0
181.0; 1265; 0; 0
181.1; 1265; 0; 0
181.2; 1255; 0; 0
181.3; 1274; 0; 0
181.4; 1270; 0; 0
181.5; 1257; 0; 0
181.6; 1268; 0; 0
181.7; 1262; 0; 0
181.8; 1249; 0; 0
181.9; 1287; 0; 0
182.0; 1281; 0; 0
182.1; 1279; 0; 0
182.2; 1257; 0; 0
182.3; 1257; 0; 0
182.4; 1258; 0; 0
182.5; 1272; 0; 0
182.6; 1267; 0; 0
182.7; 1259; 0; 0
182.8; 1270; 0; 0
182.9; 1275; 0; 0
183.0; 1269; 0; 0
183.1; 1274; 0; 0
183.2; 1250; 0; 0
183.3; 1285; 0; 0
183.4; 1240; 0; 0
183.5; 1271; 0; 0
183.6; 1249; 0; 0
183.7; 1265; 0; 0
183.8; 1253; 0; 0
183.9; 1263; 0; 0
184.0; 1292; 0; 0
184.1; 1281; 0; 0
184.2; 1278; 0; 0
184.3; 1252; 0; 0
184.4; 1289; 0; 0
184.5; 1270; 0; 0
184.6; 1278; 0; 0
184.7; 1293; 0; 0
184.8; 1263; 0; 0
184.9; 1278; 0; 0
185.0; 1289; 0; 0
185.1; 1287; 0; 0
185.2; 1268; 0; 0
185.3; 1252; 0; 0
185.4; 1291; 0; 0
185.5; 1281; 0; 0
185.6; 1289; 0; 0
185.7; 1274; 0; 0
185.8; 1288; 0; 0
185.9; 1279; 0; 0
186.0; 1278; 0; 0
186.1; 1262; 0; 0
186.2; 1272; 0; 0
186.3; 1292; 0; 0
186.4; 1274; 0; 0
186.5; 1257; 0; 0
186.6; 1283; 0; 0
186.7; 1271; 0; 0
186.8; 1270; 0; 0
186.9; 1245; 0; 0
187.0; 1272; 0; 0
187.1; 1279; 0; 0
187.2; 1293; 0; 0
187.3; 1275; 0; 0
187.4; 1281; 0; 0
187.5; 1282; 0; 0
187.6; 1264; 0; 0
187.7; 1267; 0; 0
187.8; 1257; 0; 0
187.9; 1249; 0; 0
188.0; 1249; 0; 0
188.1; 1276; 0; 0
188.2; 1300; 0; 0
188.3; 1291; 0; 0
188.4; 1251; 0; 0
188.5; 1268; 0; 0
188.6; 1295; 0; 0
188.7; 1267; 0; 0
188.8; 1241; 0; 0
188.9; 1298; 0; 0
189.0; 1251; 0; 0
189.1; 1271; 0; 0
189.2; 1247; 0; 0
189.3; 1287; 0; 0
189.4; 1256; 0; 0
189.5; 1249; 0; 0
189.6; 1276; 0; 0
189.7; 1257; 0; 0
189.8; 1292; 0; 0
189.9; 1266; 0; 0
190.0; 1298; 0; 0
190.1; 1265; 0; 0
190.2; 1243; 0; 0
190.3; 1262; 0; 0
190.4; 1282; 0; 0
190.5; 1264; 0; 0
190.6; 1274; 0; 0
190.7; 1267; 0; 0
190.8; 1259; 0; 0
190.9; 1279; 0; 0
191.0; 1265; 0; 0
191.1; 1286; 0; 0
191.2; 1268; 0; 0
191.3; 1287; 0; 0
191.4; 1255; 0; 0
191.5; 1274; 0; 0
191.6; 1264; 0; 0
191.7; 1293; 0; 0
191.8; 1288; 0; 0
191.9; 1271; 0; 0
192.0; 1263; 0; 0
192.1; 1266; 0; 0
192.2; 1279; 0; 0
192.3; 1241; 0; 0
192.4; 1276; 0; 0
192.5; 1247; 0; 0
192.6; 1273; 0; 0
192.7; 1291; 0; 0
192.8; 1285; 0; 0
192.9; 1278; 0; 0
193.0; 1292; 0; 0
193.1; 1290; 0; 0
193.2; 1258; 0; 0
193.3; 1260; 0; 0
193.4; 1246; 0; 0
193.5; 1259; 0; 0
193.6; 1276; 0; 0
193.7; 1285; 0; 0
193.8; 1283; 0; 0
193.9; 1268; 0; 0
194.0; 1273; 0; 0
194.1; 1272; 0; 0
194.2; 1288; 0; 0
194.3; 1280; 0; 0
194.4; 1289; 0; 0
194.5; 1289; 0; 0
194.6; 1273; 0; 0
194.7; 1251; 0; 0
194.8; 1264; 0; 0
194.9; 1275; 0; 0
195.0; 1271; 0; 0
195.1; 1265; 0; 0
195.2; 1277; 0; 0
195.3; 1254; 0; 0
195.4; 1251; 0; 0
195.5; 1265; 0; 0
195.6; 1286; 0; 0
195.7; 1284; 0; 0
195.8; 1253; 0; 0
195.9; 1263; 0; 0
196.0; 1240; 0; 0
196.1; 1270; 0; 0
196.2; 1262; 0; 0
196.3; 1293; 0; 0
196.4; 1277; 0; 0
196.5; 1275; 0; 0
196.6; 1266; 0; 0
196.7; 1283; 0; 0
196.8; 1248; 0; 0
196.9; 1268; 0; 0
197.0; 1241; 0; 0
197.1; 1252; 0; 0
197.2; 1277; 0; 0
197.3; 1277; 0; 0
197.4; 1255; 0; 0
197.5; 1266; 0; 0
197.6; 1281; 0; 0
197.7; 1282; 0; 0
197.8; 1276; 0; 0
197.9; 1264; 0; 0
198.0; 1276; 0; 0
198.1; 1272; 0; 0
198.2; 1261; 0; 0
198.3; 1283; 0; 0
198.4; 1256; 0; 0
198.5; 1271; 0; 0
198.6; 1251; 0; 0
198.7; 1262; 0; 0
198.8; 1266; 0; 0
198.9; 1269; 0; 0
199.0; 1281; 0; 0
199.1; 1251; 0; 0
199.2; 1263; 0; 0
199.3; 1268; 0; 0
199.4; 1295; 0; 0
199.5; 1274; 0; 0
199.6; 1282; 0; 0
199.7; 1262; 0; 0
199.8; 1257; 0; 0
199.9; 1262; 0; 0
200.0; 1289; 0; 0
200.1; 1290; 0; 0
200.2; 1252; 0; 0
200.3; 1291; 0; 0
200.4; 1264; 0; 0
200.5; 1277; 0; 0
200.6; 1267; 0; 0
200.7; 1250; 0; 0
200.8; 1296; 0; 0
200.9; 1249; 0; 0
201.0; 1254; 0; 0
201.1; 1275; 0; 0
201.2; 1275; 0; 0
201.3; 1284; 0; 0
201.4; 1266; 0; 0
201.5; 1288; 0; 0
201.6; 1255; 0; 0
201.7; 1289; 0; 0
201.8; 1269; 0; 0
201.9; 1286; 0; 0
202.0; 1267; 0; 0
202.1; 1273; 0; 0
202.2; 1284; 0; 0
202.3; 1276; 0; 0
202.4; 1258; 0; 0
202.5; 1263; 0; 0
202.6; 1265; 0; 0
202.7; 1277; 0; 0
202.8; 1267; 0; 0
202.9; 1278; 0; 0
203.0; 1251; 0; 0
203.1; 1248; 0; 0
203.2; 1256; 0; 0
203.3; 1273; 0; 0
203.4; 1277; 0; 0
203.5; 1274; 0; 0
203.6; 1265; 0; 0
203.7; 1283; 0; 0
203.8; 1256; 0; 0
203.9; 1253; 0; 0
204.0; 1269; 0; 0
204.1; 1261; 0; 0
204.2; 1264; 0; 0
204.3; 1269; 0; 0
204.4; 1276; 0; 0
204.5; 1277; 0; 0
204.6; 1266; 0; 0
204.7; 1249; 0; 0
204.8; 1261; 0; 0
204.9; 1260; 0; 0
205.0; 1263; 0; 0
205.1; 1253; 0; 0
205.2; 1287; 0; 0
205.3; 1296; 0; 0
205.4; 1255; 0; 0
205.5; 1285; 0; 0
205.6; 1270; 0; 0
205.7; 1257; 0; 0
205.8; 1266; 0; 0
205.9; 1256; 0; 0
206.0; 1267; 0; 0
206.1; 1246; 0; 0
206.2; 1263; 0; 0
206.3; 1265; 0; 0
206.4; 1263; 0; 0
206.5; 1264; 0; 0
206.6; 1285; 0; 0
206.7; 1248; 0; 0
206.8; 1268; 0; 0
206.9; 1298; 0; 0
207.0; 1267; 0; 0
207.1; 1288; 0; 0
207.2; 1253; 0; 0
207.3; 1282; 0; 0
207.4; 1272; 0; 0
207.5; 1280; 0; 0
207.6; 1259; 0; 0
207.7; 1292; 0; 0
207.8; 1284; 0; 0
207.9; 1258; 0; 0
208.0; 1277; 0; 0
208.1; 1285; 0; 0
208.2; 1254; 0; 0
208.3; 1263; 0; 0
208.4; 1271; 0; 0
208.5; 1261; 0; 0
208.6; 1288; 0; 0
208.7; 1260; 0; 0
208.8; 1254; 0; 0
208.9; 1279; 0; 0
209.0; 1273; 0; 0
209.1; 1257; 0; 0
209.2; 1266; 0; 0
209.3; 1279; 0; 0
209.4; 1282; 0; 0
209.5; 1260; 0; 0
209.6; 1273; 0; 0
209.7; 1263; 0; 0
209.8; 1281; 0; 0
209.9; 1275; 0; 0
210.0; 1259; 0; 0
210.1; 1260; 0; 0
210.2; 1300; 0; 0
210.3; 1265; 0; 0
210.4; 1279; 0; 0
210.5; 1264; 0; 0
210.6; 1288; 0; 0
210.7; 1262; 0; 0
210.8; 1276; 0; 0
210.9; 1270; 0; 0
211.0; 1276; 0; 0
211.1; 1263; 0; 0
211.2; 1284; 0; 0
211.3; 1248; 0; 0
211.4; 1287; 0; 0
211.5; 1259; 0; 0
211.6; 1301; 0; 0
211.7; 1273; 0; 0
211.8; 1258; 0; 0
211.9; 1267; 0; 0
212.0; 1287; 0; 0
212.1; 1260; 0; 0
212.2; 1279; 0; 0
212.3; 1291; 0; 0
212.4; 1270; 0; 0
212.5; 1285; 0; 0
212.6; 1289; 0; 0
212.7; 1242; 0; 0
212.8; 1294; 0; 0
212.9; 1273; 0; 0
213.0; 1287; 0; 0
213.1; 1238; 0; 0
213.2; 1264; 0; 0
213.3; 1253; 0; 0
213.4; 1261; 0; 0
213.5; 1276; 0; 0
213.6; 1242; 0; 0
213.7; 1253; 0; 0
213.8; 1253; 0; 0
213.9; 1258; 0; 0
214.0; 1240; 0; 0
214.1; 1284; 0; 0
214.2; 1256; 0; 0
214.3; 1265; 0; 0
214.4; 1277; 0; 0
214.5; 1287; 0; 0
214.6; 1266; 0; 0
214.7; 1269; 0; 0
214.8; 1249; 0; 0
214.9; 1268; 0; 0
215.0; 1286; 0; 0
215.1; 1277; 0; 0
215.2; 1259; 0; 0
215.3; 1269; 0; 0
215.4; 1278; 0; 0
215.5; 1242; 0; 0
215.6; 1257; 0; 0
215.7; 1262; 0; 0
215.8; 1252; 0; 0
215.9; 1283; 0; 0
216.0; 1275; 0; 0
216.1; 1281; 0; 0
216.2; 1268; 0; 0
216.3; 1238; 0; 0
216.4; 1290; 0; 0
216.5; 1265; 0; 0
216.6; 1294; 0; 0
216.7; 1276; 0; 0
216.8; 1257; 0; 0
216.9; 1258; 0; 0
217.0; 1290; 0; 0
217.1; 1273; 0; 0
217.2; 1259; 0; 0
217.3; 1256; 0; 0
217.4; 1263; 0; 0
217.5; 1248; 0; 0
217.6; 1270; 0; 0
217.7; 1275; 0; 0
217.8; 1287; 0; 0
217.9; 1266; 0; 0
218.0; 1261; 0; 0
218.1; 1275; 0; 0
218.2; 1270; 0; 0
218.3; 1255; 0; 0
218.4; 1268; 0; 0
218.5; 1272; 0; 0
218.6; 1285; 0; 0
218.7; 1269; 0; 0
218.8; 1300; 0; 0
218.9; 1260; 0; 0
219.0; 1290; 0; 0
219.1; 1268; 0; 0
219.2; 1283; 0; 0
219.3; 1254; 0; 0
219.4; 1263; 0; 0
219.5; 1290; 0; 0
219.6; 1287; 0; 0
219.7; 1265; 0; 0
219.8; 1277; 0; 0
219.9; 1266; 0; 0
220.0; 1278; 0; 0
220.1; 1274; 0; 0
220.2; 1255; 0; 0
220.3; 1278; 0; 0
220.4; 1285; 0; 0
220.5; 1261; 0; 0
220.6; 1256; 0; 0
220.7; 1276; 0; 0
220.8; 1253; 0; 0
220.9; 1257; 0; 0
221.0; 1265; 0; 0
221.1; 1258; 0; 0
221.2; 1263; 0; 0
221.3; 1285; 0; 0
221.4; 1259; 0; 0
221.5; 1276; 0; 0
221.6; 1279; 0; 0
221.7; 1274; 0; 0
221.8; 1292; 0; 0
221.9; 1287; 0; 0
222.0; 1296; 0; 0
222.1; 1284; 0; 0
222.2; 1272; 0; 0
222.3; 1278; 0; 0
222.4; 1288; 0; 0
222.5; 1285; 0; 0
222.6; 1278; 0; 0
222.7; 1276; 0; 0
222.8; 1265; 0; 0
222.9; 1275; 0; 0
223.0; 1246; 0; 0
223.1; 1292; 0; 0
223.2; 1282; 0; 0
223.3; 1297; 0; 0
223.4; 1271; 0; 0
223.5; 1285; 3398; 29677
223.6; 29186; 26885; 26297
223.7; 27892; 26885; 8227
223.8; 28415; 29694; 28413
223.9; 27572; 20514; 28408
224.0; 29167; 27805