Data: 2018-5-30
Czas: 14.38.37
$$$ DANE POMIAROWE PROCESU $$$
Wypelnienie PWM: 001
Czas zgrzewania: 022
-
t [ms]; I [A]; U [V]; F [kN]
0.1; 0; 1020; 1018
0.2; 1273; 1021; 4094
0.3; 1273; 1020; 4094
0.4; 1280; 1007; 4092
0.5; 1275; 1038; 4093
0.6; 1281; 979; 4092
0.7; 1274; 1034; 4092
0.8; 1279; 996; 4079
0.9; 1260; 992; 4095
1.0; 1259; 1025; 4094
1.1; 1286; 1045; 4093
1.2; 1279; 1012; 4093
1.3; 1266; 1027; 4094
1.4; 1286; 982; 4093
1.5; 1258; 1005; 4092
1.6; 1285; 1024; 4092
1.7; 1273; 1017; 4079
1.8; 1268; 1014; 4094
1.9; 1299; 1038; 4093
2.0; 1266; 1007; 4094
2.1; 1269; 1016; 4094
2.2; 1266; 990; 4091
2.3; 1272; 1026; 4093
2.4; 1274; 994; 4094
2.5; 1283; 1033; 4087
2.6; 1277; 1021; 4083
2.7; 1293; 1032; 4094
2.8; 1268; 1021; 4094
2.9; 1272; 999; 4094
3.0; 1266; 992; 4094
3.1; 1300; 1008; 4091
3.2; 1254; 1017; 4093
3.3; 1271; 1031; 4092
3.4; 1294; 1019; 4092
3.5; 1275; 1000; 4079
3.6; 1284; 1013; 4087
3.7; 1254; 1034; 4093
3.8; 1267; 1029; 4094
3.9; 1280; 1044; 4094
4.0; 1255; 1030; 4090
4.1; 1268; 1005; 4093
4.2; 1283; 997; 4092
4.3; 1283; 1032; 4094
4.4; 1267; 1009; 4079
4.5; 1266; 1031; 4095
4.6; 1266; 1006; 4093
4.7; 1282; 995; 4093
4.8; 1253; 1016; 4091
4.9; 1273; 1010; 4089
5.0; 1257; 998; 4093
5.1; 1253; 1016; 4092
5.2; 1267; 997; 4092
5.3; 1287; 995; 4083
5.4; 1264; 992; 4095
5.5; 1287; 1004; 4093
5.6; 1301; 1023; 4094
5.7; 1269; 989; 4095
5.8; 1265; 1003; 4092
5.9; 1280; 1001; 4093
6.0; 1268; 988; 4092
6.1; 1275; 1000; 4094
6.2; 1275; 983; 4083
6.3; 1270; 981; 4094
6.4; 1272; 1025; 4094
6.5; 1287; 995; 4094
6.6; 1254; 1017; 4095
6.7; 1261; 1018; 4091
6.8; 1274; 983; 4093
6.9; 1299; 1035; 4092
7.0; 1274; 1035; 4094
7.1; 1273; 1007; 4079
7.2; 1254; 1018; 4095
7.3; 1267; 1012; 4094
7.4; 1290; 999; 4095
7.5; 1286; 1024; 4094
7.6; 1293; 994; 4090
7.7; 1275; 1040; 4095
7.8; 1275; 1019; 4094
7.9; 1291; 1021; 4092
8.0; 1249; 991; 4075
8.1; 1261; 996; 4094
8.2; 1260; 1018; 4093
8.3; 1283; 991; 4094
8.4; 1285; 1024; 4091
8.5; 1290; 1020; 4092
8.6; 1253; 1005; 4093
8.7; 1293; 981; 4092
8.8; 1290; 1022; 4094
8.9; 1259; 999; 4079
9.0; 1285; 1021; 4095
9.1; 1287; 1039; 4093
9.2; 1280; 1017; 4094
9.3; 1270; 1035; 4094
9.4; 1291; 1007; 4090
9.5; 1258; 994; 4085
9.6; 1270; 1018; 4092
9.7; 1267; 994; 4092
9.8; 1288; 1041; 4083
9.9; 1250; 1017; 4093
10.0; 1284; 1032; 4093
10.1; 1288; 1033; 4093
10.2; 1277; 1037; 4094
10.3; 1263; 1002; 4091
10.4; 1276; 1018; 4093
10.5; 1282; 991; 4094
10.6; 1257; 1016; 4092
10.7; 1275; 1011; 4081
10.8; 1247; 995; 4095
10.9; 1263; 992; 4095
11.0; 1283; 995; 4094
11.1; 1266; 995; 4094
11.2; 1291; 1041; 4092
11.3; 1279; 986; 4093
11.4; 1288; 995; 4094
11.5; 1291; 1028; 4094
11.6; 1299; 1015; 4083
11.7; 1278; 991; 4095
11.8; 1256; 1019; 4094
11.9; 1269; 1005; 4094
12.0; 1276; 1012; 4094
12.1; 1302; 1007; 4090
12.2; 1266; 997; 4095
12.3; 1291; 1048; 4092
12.4; 1263; 1005; 4092
12.5; 1249; 1005; 4079
12.6; 1268; 1021; 4094
12.7; 1261; 1026; 4094
12.8; 1258; 1007; 4094
12.9; 1261; 1035; 4095
13.0; 1265; 1036; 4076
13.1; 1272; 1012; 4093
13.2; 1288; 1024; 4092
13.3; 1283; 1007; 4092
13.4; 1254; 994; 4075
13.5; 1249; 1017; 4095
13.6; 1254; 1039; 4094
13.7; 1253; 997; 4094
13.8; 1284; 1014; 4095
13.9; 1275; 994; 4090
14.0; 1283; 995; 4095
14.1; 1269; 1020; 4094
14.2; 1275; 1024; 4094
14.3; 1271; 1045; 4079
14.4; 1288; 1020; 4095
14.5; 1290; 1015; 4093
14.6; 1276; 1019; 4094
14.7; 1275; 1034; 4094
14.8; 1263; 1007; 4092
14.9; 1275; 1013; 4095
15.0; 1253; 996; 4092
15.1; 1275; 996; 4092
15.2; 1264; 1002; 4079
15.3; 1260; 1033; 4095
15.4; 1284; 995; 4094
15.5; 1258; 1009; 4087
15.6; 1279; 1033; 4095
15.7; 1279; 1022; 4091
15.8; 1271; 1018; 4093
15.9; 1269; 1032; 4092
16.0; 1258; 1032; 4092
16.1; 1282; 1029; 4083
16.2; 1250; 1019; 4095
16.3; 1284; 1028; 4094
16.4; 1284; 1029; 4095
16.5; 1287; 1019; 4094
16.6; 1270; 1040; 4090
16.7; 1264; 1008; 4093
16.8; 1269; 1042; 4094
16.9; 1295; 1030; 4092
17.0; 1264; 1007; 4084
17.1; 1266; 1033; 4094
17.2; 1252; 984; 4094
17.3; 1281; 999; 4094
17.4; 1278; 1033; 4094
17.5; 1299; 1001; 4092
17.6; 1256; 1036; 4095
17.7; 1295; 1022; 4092
17.8; 1291; 1009; 4092
17.9; 1282; 1003; 4079
18.0; 1290; 1000; 4095
18.1; 1282; 1040; 4093
18.2; 1290; 991; 4094
18.3; 1276; 1044; 4093
18.4; 1252; 1018; 4090
18.5; 1287; 985; 4093
18.6; 1289; 990; 4094
18.7; 1270; 987; 4092
18.8; 1284; 1032; 4079
18.9; 1248; 987; 4095
19.0; 1281; 1034; 4094
19.1; 1283; 991; 4094
19.2; 1282; 995; 4094
19.3; 1290; 1009; 4092
19.4; 1276; 1015; 4095
19.5; 1271; 1033; 4092
19.6; 1289; 1028; 4092
19.7; 1261; 1039; 4079
19.8; 1256; 987; 4094
19.9; 1263; 999; 4093
20.0; 1261; 1007; 4094
20.1; 1292; 1044; 4091
20.2; 1258; 991; 4090
20.3; 1301; 1030; 4091
20.4; 1257; 1005; 4092
20.5; 1279; 1029; 4092
20.6; 1281; 999; 4078
20.7; 1260; 1017; 4095
20.8; 1268; 1011; 4094
20.9; 1264; 1041; 4094
21.0; 1283; 1013; 4091
21.1; 1279; 1014; 4092
21.2; 1281; 988; 4093
21.3; 1267; 1006; 4092
21.4; 1279; 1037; 4092
21.5; 1286; 1009; 4079
21.6; 1296; 992; 4095
21.7; 1284; 1027; 4093
21.8; 1268; 1015; 4094
21.9; 1290; 1019; 4094
22.0; 1296; 984; 4090
22.1; 1249; 863; 2
22.2; 1277; 976; 2
22.3; 1255; 986; 2
22.4; 1272; 989; 30
22.5; 1265; 1011; 6
22.6; 1295; 992; 2
22.7; 1276; 979; 1
22.8; 1280; 990; 1
22.9; 1279; 1036; 0
23.0; 1272; 990; 0
23.1; 1252; 1015; 2
23.2; 1260; 1020; 2
23.3; 1264; 1019; 32
23.4; 1256; 1010; 6
23.5; 1258; 1015; 1
23.6; 1297; 1009; 1
23.7; 1288; 1032; 1
23.8; 1269; 1012; 0
23.9; 1269; 1017; 1
24.0; 1271; 989; 2
24.1; 1271; 982; 2
24.2; 1257; 975; 30
24.3; 1274; 1014; 6
24.4; 1290; 1011; 1
24.5; 1256; 977; 1
24.6; 1283; 1003; 1
24.7; 1274; 1024; 0
24.8; 1291; 1040; 1
24.9; 1271; 1007; 0
25.0; 1263; 985; 1
25.1; 1277; 983; 30
25.2; 1276; 1008; 5
25.3; 1290; 998; 2
25.4; 1289; 989; 1
25.5; 1256; 1025; 2
25.6; 1269; 1009; 0
25.7; 1253; 1017; 1
25.8; 1263; 1008; 2
25.9; 1290; 1017; 1
26.0; 1278; 990; 30
26.1; 1256; 1017; 6
26.2; 1284; 1013; 1
26.3; 1258; 1025; 1
26.4; 1275; 1017; 1
26.5; 1299; 1000; 0
26.6; 1285; 1004; 0
26.7; 1282; 1035; 2
26.8; 1299; 1000; 1
26.9; 1261; 1005; 30
27.0; 1249; 1016; 6
27.1; 1260; 1010; 1
27.2; 1288; 1033; 1
27.3; 1268; 993; 1
27.4; 1267; 1007; 0
27.5; 1262; 991; 1
27.6; 1282; 1011; 1
27.7; 1284; 1011; 2
27.8; 1263; 989; 30
27.9; 1258; 980; 5
28.0; 1291; 1009; 0
28.1; 1281; 1013; 2
28.2; 1286; 1002; 2
28.3; 1289; 990; 0
28.4; 1270; 998; 1
28.5; 1290; 1011; 1
28.6; 1287; 996; 1
28.7; 1299; 1019; 30
28.8; 1285; 1014; 5
28.9; 1266; 997; 0
29.0; 1262; 997; 1
29.1; 1273; 1045; 1
29.2; 1298; 1028; 0
29.3; 1261; 988; 0
29.4; 1265; 1006; 1
29.5; 1250; 1011; 1
29.6; 1267; 980; 31
29.7; 1300; 993; 5
29.8; 1290; 1014; 1
29.9; 1257; 1007; 2
30.0; 1291; 1009; 0
30.1; 1291; 1018; 0
30.2; 1276; 1028; 1
30.3; 1265; 987; 1
30.4; 1275; 1001; 2
30.5; 1283; 995; 30
30.6; 1265; 988; 6
30.7; 1302; 1042; 1
30.8; 1268; 1033; 1
30.9; 1264; 1008; 1
31.0; 1271; 1002; 0
31.1; 1285; 994; 29
31.2; 1283; 985; 1
31.3; 1279; 1040; 1
31.4; 1287; 1039; 30
31.5; 1268; 1001; 5
31.6; 1265; 1024; 1
31.7; 1284; 1033; 2
31.8; 1275; 989; 2
31.9; 1271; 1006; 1
32.0; 1262; 998; 1
32.1; 1269; 996; 1
32.2; 1259; 996; 0
32.3; 1258; 989; 30
32.4; 1276; 983; 6
32.5; 1281; 993; 2
32.6; 1292; 1007; 2
32.7; 1283; 1041; 2
32.8; 1288; 1002; 0
32.9; 1265; 996; 1
33.0; 1263; 996; 1
33.1; 1270; 982; 2
33.2; 1259; 1035; 32
33.3; 1290; 990; 6
33.4; 1289; 1004; 1
33.5; 1255; 1033; 1
33.6; 1263; 977; 1
33.7; 1280; 1024; 1
33.8; 1275; 995; 1
33.9; 1286; 1030; 1
34.0; 1275; 1004; 1
34.1; 1272; 1006; 30
34.2; 1272; 1000; 6
34.3; 1286; 1007; 1
34.4; 1265; 1031; 1
34.5; 1260; 1033; 1
34.6; 1265; 1010; 0
34.7; 1270; 999; 0
34.8; 1267; 1042; 1
34.9; 1270; 1016; 2
35.0; 1256; 1017; 30
35.1; 1273; 1024; 5
35.2; 1286; 1028; 1
35.3; 1260; 1017; 1
35.4; 1275; 1028; 1
35.5; 1269; 986; 0
35.6; 1296; 1032; 1
35.7; 1292; 1030; 1
35.8; 1279; 997; 1
35.9; 1266; 985; 30
36.0; 1268; 1001; 5
36.1; 1301; 1010; 1
36.2; 1258; 1033; 1
36.3; 1291; 1033; 1
36.4; 1289; 988; 0
36.5; 1287; 986; 0
36.6; 1261; 1038; 1
36.7; 1259; 990; 2
36.8; 1263; 985; 31
36.9; 1273; 1006; 6
37.0; 1261; 1024; 2
37.1; 1282; 1029; 1
37.2; 1275; 1008; 2
37.3; 1291; 1031; 3
37.4; 1276; 1033; 0
37.5; 1279; 982; 2
37.6; 1266; 1004; 0
37.7; 1275; 985; 32
37.8; 1257; 992; 6
37.9; 1263; 1017; 1
38.0; 1279; 993; 2
38.1; 1270; 989; 1
38.2; 1278; 1038; 0
38.3; 1253; 1001; 1
38.4; 1269; 1021; 1
38.5; 1291; 1004; 1
38.6; 1287; 1025; 30
38.7; 1280; 995; 6
38.8; 1290; 1031; 1
38.9; 1275; 1017; 1
39.0; 1284; 1005; 2
39.1; 1257; 1000; 0
39.2; 1286; 998; 2
39.3; 1284; 1040; 1
39.4; 1282; 1000; 1
39.5; 1256; 977; 30
39.6; 1281; 1008; 6
39.7; 1291; 1033; 1
39.8; 1293; 1028; 2
39.9; 1257; 984; 2
40.0; 1290; 1006; 0
40.1; 1291; 1032; 1
40.2; 1273; 1032; 1
40.3; 1263; 1036; 2
40.4; 1255; 1005; 30
40.5; 1278; 1027; 5
40.6; 1258; 1017; 1
40.7; 1282; 1001; 2
40.8; 1272; 1009; 2
40.9; 1287; 986; 0
41.0; 1265; 1008; 1
41.1; 1300; 1004; 1
41.2; 1283; 988; 1
41.3; 1277; 998; 30
41.4; 1279; 1009; 6
41.5; 1302; 1030; 1
41.6; 1266; 1041; 2
41.7; 1267; 1033; 2
41.8; 1251; 1028; 0
41.9; 1289; 984; 2
42.0; 1291; 1019; 2
42.1; 1280; 1000; 1
42.2; 1255; 993; 30
42.3; 1298; 1017; 6
42.4; 1254; 987; 2
42.5; 1290; 1037; 2
42.6; 1287; 980; 2
42.7; 1291; 985; 0
42.8; 1263; 986; 0
42.9; 1279; 1027; 1
43.0; 1263; 980; 2
43.1; 1277; 996; 31
43.2; 1268; 1037; 6
43.3; 1251; 1027; 2
43.4; 1269; 993; 1
43.5; 1262; 985; 2
43.6; 1279; 1022; 0
43.7; 1265; 1040; 2
43.8; 1269; 1040; 2
43.9; 1250; 985; 2
44.0; 1261; 1007; 31
44.1; 1269; 1003; 6
44.2; 1253; 986; 7
44.3; 1269; 1021; 1
44.4; 1272; 984; 2
44.5; 1268; 987; 0
44.6; 1275; 994; 1
44.7; 1283; 1044; 1
44.8; 1291; 1000; 1
44.9; 1287; 999; 30
45.0; 1254; 992; 6
45.1; 1263; 992; 2
45.2; 1280; 993; 1
45.3; 1269; 1011; 1
45.4; 1269; 1031; 0
45.5; 1269; 1005; 0
45.6; 1282; 1013; 1
45.7; 1267; 1011; 1
45.8; 1283; 1021; 31
45.9; 1284; 1008; 5
46.0; 1288; 1001; 1
46.1; 1257; 991; 2
46.2; 1290; 1034; 2
46.3; 1282; 1036; 0
46.4; 1300; 1009; 0
46.5; 1278; 980; 1
46.6; 1282; 1009; 1
46.7; 1296; 1015; 30
46.8; 1279; 984; 5
46.9; 1290; 1008; 1
47.0; 1298; 983; 2
47.1; 1284; 1017; 1
47.2; 1271; 1014; 0
47.3; 1272; 1008; 2
47.4; 1289; 982; 2
47.5; 1292; 991; 2
47.6; 1290; 987; 30
47.7; 1264; 1029; 5
47.8; 1258; 997; 2
47.9; 1260; 1025; 2
48.0; 1270; 997; 1
48.1; 1260; 986; 0
48.2; 1276; 1041; 2
48.3; 1267; 1018; 2
48.4; 1291; 1020; 1
48.5; 1278; 991; 32
48.6; 1282; 1016; 6
48.7; 1273; 1019; 1
48.8; 1269; 1017; 2
48.9; 1262; 1001; 1
49.0; 1289; 1040; 0
49.1; 1292; 988; 1
49.2; 1272; 1016; 1
49.3; 1273; 1004; 2
49.4; 1274; 1042; 30
49.5; 1246; 989; 6
49.6; 1287; 994; 1
49.7; 1257; 979; 2
49.8; 1290; 997; 2
49.9; 1285; 1039; 0
50.0; 1265; 986; 1
50.1; 1273; 1025; 0
50.2; 1254; 1011; 1
50.3; 1283; 991; 29
50.4; 1252; 1030; 6
50.5; 1260; 1020; 1
50.6; 1292; 1021; 1
50.7; 1275; 1012; 2
50.8; 1253; 993; 0
50.9; 1275; 990; 1
51.0; 1290; 1027; 1
51.1; 1282; 982; 1
51.2; 1282; 1011; 30
51.3; 1286; 1005; 6
51.4; 1278; 992; 0
51.5; 1282; 993; 0
51.6; 1265; 1041; 2
51.7; 1291; 994; 0
51.8; 1294; 995; 1
51.9; 1281; 1001; 2
52.0; 1270; 1008; 2
52.1; 1289; 981; 30
52.2; 1253; 1020; 5
52.3; 1257; 996; 1
52.4; 1265; 1041; 2
52.5; 1277; 1033; 1
52.6; 1281; 988; 0
52.7; 1293; 1035; 0
52.8; 1251; 985; 1
52.9; 1274; 1019; 1
53.0; 1261; 1031; 31
53.1; 1260; 1015; 6
53.2; 1271; 1021; 2
53.3; 1301; 993; 1
53.4; 1288; 1008; 0
53.5; 1286; 1043; 0
53.6; 1283; 988; 1
53.7; 1279; 984; 2
53.8; 1279; 1021; 2
53.9; 1282; 1013; 30
54.0; 1252; 1020; 6
54.1; 1269; 992; 2
54.2; 1260; 997; 2
54.3; 1282; 1019; 2
54.4; 1263; 1040; 0
54.5; 1287; 981; 1
54.6; 1260; 1001; 1
54.7; 1285; 1042; 1
54.8; 1267; 1041; 32
54.9; 1264; 989; 5
55.0; 1276; 999; 1
55.1; 1260; 1013; 1
55.2; 1269; 1011; 2
55.3; 1253; 999; 0
55.4; 1290; 1011; 1
55.5; 1276; 1029; 1
55.6; 1287; 1025; 1
55.7; 1267; 1029; 29
55.8; 1285; 1003; 6
55.9; 1262; 1004; 1
56.0; 1281; 1011; 1
56.1; 1284; 991; 2
56.2; 1282; 1054; 0
56.3; 1258; 998; 0
56.4; 1284; 1004; 1
56.5; 1302; 1044; 1
56.6; 1291; 991; 30
56.7; 1288; 981; 5
56.8; 1299; 1022; 1
56.9; 1254; 1001; 2
57.0; 1277; 1017; 1
57.1; 1291; 1026; 0
57.2; 1259; 1005; 1
57.3; 1281; 1002; 2
57.4; 1286; 998; 2
57.5; 1290; 1021; 30
57.6; 1266; 1031; 6
57.7; 1271; 1028; 2
57.8; 1267; 1024; 2
57.9; 1265; 1014; 1
58.0; 1279; 990; 0
58.1; 1261; 1009; 0
58.2; 1269; 1016; 2
58.3; 1295; 985; 2
58.4; 1286; 991; 31
58.5; 1300; 1040; 6
58.6; 1291; 1036; 1
58.7; 1284; 1001; 2
58.8; 1289; 999; 2
58.9; 1253; 990; 1
59.0; 1287; 1025; 2
59.1; 1269; 983; 0
59.2; 1297; 1020; 2
59.3; 1261; 1019; 30
59.4; 1265; 1032; 6
59.5; 1284; 1041; 1
59.6; 1262; 1009; 2
59.7; 1272; 994; 2
59.8; 1288; 980; 0
59.9; 1253; 1001; 1
60.0; 1292; 1022; 1
60.1; 1275; 1004; 1
60.2; 1290; 1005; 30
60.3; 1277; 1040; 6
60.4; 1282; 1027; 2
60.5; 1280; 1045; 2
60.6; 1270; 1021; 1
60.7; 1297; 1015; 1
60.8; 1268; 1010; 0
60.9; 1270; 986; 2
61.0; 1302; 1028; 2
61.1; 1279; 1021; 30
61.2; 1261; 1008; 6
61.3; 1283; 1007; 2
61.4; 1282; 1017; 1
61.5; 1282; 1031; 1
61.6; 1296; 1036; 0
61.7; 1287; 1040; 2
61.8; 1273; 1017; 2
61.9; 1258; 998; 2
62.0; 1283; 1011; 31
62.1; 1260; 1028; 6
62.2; 1298; 1027; 1
62.3; 1284; 1021; 2
62.4; 1282; 1038; 2
62.5; 1258; 1004; 0
62.6; 1286; 1018; 19
62.7; 1279; 1003; 2
62.8; 1259; 984; 1
62.9; 1283; 994; 31
63.0; 1284; 1042; 6
63.1; 1268; 1024; 1
63.2; 1268; 1017; 1
63.3; 1266; 992; 1
63.4; 1272; 994; 0
63.5; 1298; 1019; 1
63.6; 1268; 1017; 1
63.7; 1267; 991; 2
63.8; 1296; 1003; 30
63.9; 1262; 1021; 6
64.0; 1274; 983; 2
64.1; 1264; 1009; 1
64.2; 1284; 1003; 2
64.3; 1267; 989; 0
64.4; 1301; 1007; 1
64.5; 1286; 1038; 2
64.6; 1270; 1024; 2
64.7; 1269; 1026; 32
64.8; 1268; 979; 5
64.9; 1270; 1024; 1
65.0; 1265; 985; 2
65.1; 1260; 1025; 1
65.2; 1265; 1006; 1
65.3; 1283; 1003; 0
65.4; 1283; 998; 2
65.5; 1274; 1013; 1
65.6; 1275; 1001; 31
65.7; 1252; 1004; 6
65.8; 1293; 1032; 1
65.9; 1258; 1005; 1
66.0; 1272; 998; 2
66.1; 1270; 1016; 0
66.2; 1275; 1007; 1
66.3; 1261; 1021; 1
66.4; 1263; 985; 1
66.5; 1273; 1001; 29
66.6; 1265; 1021; 6
66.7; 1262; 1029; 1
66.8; 1260; 1031; 1
66.9; 1260; 1001; 1
67.0; 1270; 1034; 0
67.1; 1267; 1018; 0
67.2; 1271; 994; 2
67.3; 1273; 1030; 2
67.4; 1261; 1029; 30
67.5; 1266; 1015; 5
67.6; 1261; 976; 1
67.7; 1253; 1005; 1
67.8; 1270; 994; 1
67.9; 1275; 1020; 0
68.0; 1266; 1017; 0
68.1; 1290; 1013; 1
68.2; 1272; 996; 2
68.3; 1288; 1015; 30
68.4; 1282; 992; 6
68.5; 1290; 1032; 1
68.6; 1298; 1019; 2
68.7; 1268; 989; 2
68.8; 1274; 998; 0
68.9; 1296; 1024; 1
69.0; 1287; 1019; 1
69.1; 1289; 1028; 2
69.2; 1274; 1007; 30
69.3; 1284; 1042; 6
69.4; 1253; 1005; 1
69.5; 1280; 1001; 1
69.6; 1264; 1027; 2
69.7; 1293; 1034; 1
69.8; 1263; 1015; 1
69.9; 1284; 1013; 2
70.0; 1282; 1007; 2
70.1; 1256; 1034; 32
70.2; 1270; 1003; 6
70.3; 1278; 980; 2
70.4; 1288; 1045; 1
70.5; 1290; 1005; 1
70.6; 1270; 1044; 0
70.7; 1264; 1002; 1
70.8; 1270; 1011; 1
70.9; 1254; 1004; 1
71.0; 1255; 987; 30
71.1; 1260; 1004; 6
71.2; 1260; 1022; 1
71.3; 1281; 1021; 1
71.4; 1281; 1016; 1
71.5; 1281; 990; 0
71.6; 1281; 1007; 2
71.7; 1279; 1032; 1
71.8; 1258; 1018; 1
71.9; 1275; 1015; 30
72.0; 1262; 1005; 5
72.1; 1263; 996; 2
72.2; 1291; 1035; 1
72.3; 1270; 1012; 1
72.4; 1274; 990; 0
72.5; 1264; 1031; 1
72.6; 1281; 1000; 2
72.7; 1290; 1000; 2
72.8; 1271; 1017; 30
72.9; 1262; 1004; 6
73.0; 1267; 1009; 2
73.1; 1269; 989; 1
73.2; 1258; 1011; 1
73.3; 1279; 1012; 0
73.4; 1291; 1005; 0
73.5; 1281; 1019; 2
73.6; 1275; 1000; 1
73.7; 1293; 999; 30
73.8; 1260; 991; 6
73.9; 1282; 1012; 2
74.0; 1274; 1001; 1
74.1; 1257; 987; 2
74.2; 1302; 1021; 0
74.3; 1264; 1015; 32
74.4; 1295; 980; 2
74.5; 1281; 984; 1
74.6; 1258; 1017; 30
74.7; 1276; 1001; 6
74.8; 1285; 1009; 1
74.9; 1264; 1037; 2
75.0; 1294; 1041; 1
75.1; 1263; 1015; 1
75.2; 1287; 1027; 1
75.3; 1275; 1025; 1
75.4; 1286; 1027; 1
75.5; 1269; 1015; 30
75.6; 1288; 998; 6
75.7; 1289; 990; 1
75.8; 1288; 1039; 2
75.9; 1282; 984; 1
76.0; 1253; 993; 0
76.1; 1279; 1004; 1
76.2; 1284; 993; 2
76.3; 1255; 1032; 1
76.4; 1269; 1017; 31
76.5; 1279; 1012; 6
76.6; 1276; 1014; 1
76.7; 1290; 1029; 1
76.8; 1287; 1037; 1
76.9; 1287; 1018; 0
77.0; 1279; 1014; 1
77.1; 1258; 1008; 1
77.2; 1302; 1028; 1
77.3; 1296; 1015; 31
77.4; 1276; 1036; 6
77.5; 1288; 1025; 1
77.6; 1290; 1021; 1
77.7; 1259; 1016; 1
77.8; 1261; 1030; 0
77.9; 1302; 1032; 24
78.0; 1280; 1038; 1
78.1; 1267; 1032; 2
78.2; 1248; 977; 30
78.3; 1255; 990; 5
78.4; 1286; 1008; 2
78.5; 1287; 1027; 2
78.6; 1252; 1023; 4
78.7; 1290; 1010; 0
78.8; 1275; 1008; 0
78.9; 1296; 992; 1
79.0; 1263; 996; 1
79.1; 1261; 1041; 30
79.2; 1297; 1002; 6
79.3; 1258; 998; 2
79.4; 1259; 1015; 2
79.5; 1286; 1001; 2
79.6; 1263; 990; 1
79.7; 1281; 1015; 2
79.8; 1284; 1009; 1
79.9; 1280; 989; 2
80.0; 1256; 989; 32
80.1; 1300; 1018; 6
80.2; 1280; 1016; 2
80.3; 1266; 1015; 2
80.4; 1286; 987; 3
80.5; 1267; 977; 0
80.6; 1296; 999; 28
80.7; 1266; 1003; 1
80.8; 1259; 1041; 2
80.9; 1267; 995; 30
81.0; 1296; 1015; 6
81.1; 1288; 1033; 2
81.2; 1268; 1029; 1
81.3; 1255; 981; 1
81.4; 1260; 1021; 0
81.5; 1277; 994; 1
81.6; 1267; 990; 1
81.7; 1297; 1025; 1
81.8; 1253; 983; 30
81.9; 1298; 1021; 6
82.0; 1276; 1004; 1
82.1; 1271; 1041; 1
82.2; 1271; 978; 1
82.3; 1259; 994; 0
82.4; 1259; 1020; 1
82.5; 1272; 1008; 1
82.6; 1270; 1022; 1
82.7; 1269; 1017; 30
82.8; 1256; 999; 6
82.9; 1283; 1029; 1
83.0; 1268; 1013; 1
83.1; 1286; 999; 1
83.2; 1258; 1028; 0
83.3; 1291; 1024; 1
83.4; 1272; 990; 2
83.5; 1262; 978; 2
83.6; 1260; 1006; 30
83.7; 1285; 978; 6
83.8; 1280; 1000; 2
83.9; 1270; 1031; 2
84.0; 1267; 997; 2
84.1; 1284; 1022; 0
84.2; 1292; 1001; 1
84.3; 1269; 1035; 2
84.4; 1287; 1004; 2
84.5; 1257; 987; 30
84.6; 1294; 996; 6
84.7; 1288; 1008; 2
84.8; 1256; 985; 1
84.9; 1254; 1005; 2
85.0; 1287; 1039; 0
85.1; 1281; 1026; 1
85.2; 1286; 987; 1
85.3; 1271; 1018; 2
85.4; 1282; 1017; 32
85.5; 1286; 1040; 5
85.6; 1265; 989; 1
85.7; 1297; 1009; 1
85.8; 1288; 1041; 1
85.9; 1261; 995; 0
86.0; 1291; 1009; 1
86.1; 1257; 996; 1
86.2; 1262; 1016; 1
86.3; 1291; 987; 31
86.4; 1276; 998; 6
86.5; 1273; 994; 1
86.6; 1287; 1007; 1
86.7; 1289; 989; 1
86.8; 1269; 990; 0
86.9; 1284; 999; 1
87.0; 1275; 1029; 2
87.1; 1275; 1032; 1
87.2; 1255; 1037; 32
87.3; 1272; 1016; 5
87.4; 1269; 996; 2
87.5; 1260; 1041; 1
87.6; 1279; 1033; 2
87.7; 1299; 1018; 0
87.8; 1280; 985; 0
87.9; 1287; 992; 1
88.0; 1275; 1028; 1
88.1; 1286; 1011; 31
88.2; 1265; 981; 5
88.3; 1266; 1011; 0
88.4; 1264; 1001; 1
88.5; 1275; 1031; 2
88.6; 1273; 994; 0
88.7; 1287; 998; 0
88.8; 1275; 990; 2
88.9; 1274; 1000; 1
89.0; 1259; 991; 30
89.1; 1274; 1002; 5
89.2; 1265; 1019; 1
89.3; 1284; 1009; 2
89.4; 1301; 990; 2
89.5; 1302; 1014; 0
89.6; 1260; 1008; 1
89.7; 1292; 1027; 1
89.8; 1291; 1034; 1
89.9; 1269; 1019; 30
90.0; 1270; 1015; 6
90.1; 1266; 1011; 1
90.2; 1262; 987; 3
90.3; 1298; 999; 2
90.4; 1283; 1000; 0
90.5; 1282; 989; 34
90.6; 1275; 1011; 1
90.7; 1269; 1017; 2
90.8; 1301; 1035; 30
90.9; 1298; 1021; 6
91.0; 1292; 1031; 1
91.1; 1263; 995; 1
91.2; 1276; 1017; 1
91.3; 1282; 1011; 1
91.4; 1286; 1017; 1
91.5; 1265; 1034; 1
91.6; 1282; 1027; 2
91.7; 1271; 1025; 30
91.8; 1270; 1034; 4
91.9; 1269; 990; 1
92.0; 1275; 1013; 0
92.1; 1277; 987; 1
92.2; 1268; 1007; 0
92.3; 1279; 987; 0
92.4; 1257; 976; 1
92.5; 1282; 998; 1
92.6; 1286; 1012; 31
92.7; 1260; 1026; 6
92.8; 1288; 1013; 1
92.9; 1263; 1017; 1
93.0; 1288; 1029; 2
93.1; 1277; 1040; 0
93.2; 1261; 991; 1
93.3; 1278; 984; 2
93.4; 1262; 1014; 1
93.5; 1283; 1023; 30
93.6; 1268; 990; 6
93.7; 1283; 980; 1
93.8; 1271; 1017; 1
93.9; 1278; 981; 1
94.0; 1261; 1027; 0
94.1; 1289; 1008; 1
94.2; 1274; 1007; 2
94.3; 1287; 1002; 1
94.4; 1259; 1007; 30
94.5; 1285; 1032; 6
94.6; 1279; 1001; 1
94.7; 1272; 1001; 2
94.8; 1292; 987; 2
94.9; 1277; 998; 0
95.0; 1288; 1034; 0
95.1; 1288; 1034; 2
95.2; 1267; 986; 1
95.3; 1283; 1013; 31
95.4; 1271; 1027; 6
95.5; 1292; 1013; 2
95.6; 1279; 1001; 1
95.7; 1269; 1008; 2
95.8; 1282; 987; 0
95.9; 1270; 1017; 2
96.0; 1263; 994; 1
96.1; 1279; 986; 0
96.2; 1279; 1007; 32
96.3; 1296; 1025; 5
96.4; 1263; 1031; 2
96.5; 1252; 993; 1
96.6; 1285; 988; 1
96.7; 1262; 995; 0
96.8; 1292; 990; 0
96.9; 1298; 995; 2
97.0; 1255; 1016; 2
97.1; 1283; 1013; 30
97.2; 1282; 1001; 6
97.3; 1270; 985; 1
97.4; 1267; 1041; 1
97.5; 1258; 996; 2
97.6; 1287; 998; 0
97.7; 1279; 982; 1
97.8; 1295; 980; 1
97.9; 1286; 1008; 2
98.0; 1269; 1021; 30
98.1; 1268; 1008; 6
98.2; 1267; 1017; 1
98.3; 1257; 985; 1
98.4; 1272; 1035; 1
98.5; 1268; 995; 1
98.6; 1264; 1024; 1
98.7; 1277; 988; 0
98.8; 1294; 998; 2
98.9; 1283; 1023; 30
99.0; 1291; 1033; 5
99.1; 1301; 1015; 1
99.2; 1274; 996; 2
99.3; 1273; 995; 2
99.4; 1267; 1040; 0
99.5; 1280; 980; 0
99.6; 1286; 1017; 2
99.7; 1269; 992; 2
99.8; 1267; 991; 30
99.9; 1266; 987; 6
100.0; 1281; 993; 2
