Data: 2018-5-31
Czas: 13.53.15
$$$ DANE POMIAROWE PROCESU $$$
Wypelnienie PWM: 011
Czas zgrzewania: 011
-
t [ms]; I [A]; U [V]; F [kN]
0.1; 1266; 1032; 998
0.2; 1279; 986; 1008
0.3; 1284; 999; 1001
0.4; 1285; 1004; 997
0.5; 1292; 996; 1035
0.6; 1274; 1018; 1028
0.7; 1293; 1011; 1016
0.8; 1269; 999; 995
0.9; 1260; 1037; 1030
1.0; 1261; 996; 996
1.1; 1282; 1018; 1009
1.2; 1284; 983; 1012
1.3; 1271; 1010; 1041
1.4; 1297; 1008; 1019
1.5; 1289; 1005; 1011
1.6; 1285; 1031; 1038
1.7; 1300; 1012; 997
1.8; 1290; 1017; 1010
1.9; 1265; 978; 980
2.0; 1287; 1010; 1024
2.1; 1296; 1010; 1003
2.2; 1257; 1001; 995
2.3; 1287; 1006; 1030
2.4; 1276; 1011; 979
2.5; 1261; 1012; 1012
2.6; 1280; 991; 991
2.7; 1276; 1019; 996
2.8; 1279; 1003; 1012
2.9; 1275; 1018; 1038
3.0; 1280; 1040; 1019
3.1; 1285; 982; 995
3.2; 1296; 1007; 993
3.3; 1263; 1015; 1012
3.4; 1275; 1014; 1009
3.5; 1300; 1043; 980
3.6; 1274; 1044; 1041
3.7; 1292; 1042; 1011
3.8; 1293; 1009; 1015
3.9; 1271; 1031; 1007
4.0; 1268; 1029; 991
4.1; 1288; 1026; 988
4.2; 1266; 987; 983
4.3; 1250; 982; 986
4.4; 1272; 1010; 1018
4.5; 1288; 999; 1034
4.6; 1281; 1020; 1018
4.7; 1283; 997; 1014
4.8; 1278; 1025; 1037
4.9; 1256; 1000; 1011
5.0; 1268; 1029; 1036
5.1; 1277; 1022; 998
5.2; 1297; 1042; 977
5.3; 1280; 981; 1014
5.4; 1280; 1015; 979
5.5; 1257; 1024; 1036
5.6; 1267; 1024; 998
5.7; 1279; 992; 1035
5.8; 1272; 1000; 1005
5.9; 1260; 1012; 1006
6.0; 1291; 1019; 1010
6.1; 1265; 988; 991
6.2; 1292; 1035; 984
6.3; 1270; 999; 1024
6.4; 1279; 1025; 1024
6.5; 1269; 1022; 1037
6.6; 1294; 995; 985
6.7; 1287; 1036; 1001
6.8; 1266; 1004; 1002
6.9; 1262; 1036; 1030
7.0; 1276; 1010; 1020
7.1; 1293; 1010; 1048
7.2; 1256; 1003; 1006
7.3; 1291; 1005; 1032
7.4; 1269; 1007; 1014
7.5; 1279; 995; 1038
7.6; 1300; 1014; 985
7.7; 1269; 1004; 1029
7.8; 1267; 980; 985
7.9; 1267; 1000; 1040
8.0; 1269; 1019; 1037
8.1; 1265; 1031; 988
8.2; 1265; 996; 1010
8.3; 1288; 1033; 986
8.4; 1266; 991; 991
8.5; 1280; 1010; 1037
8.6; 1300; 1024; 1014
8.7; 1267; 1019; 1028
8.8; 1289; 1022; 1021
8.9; 1293; 1014; 1002
9.0; 1267; 1037; 1018
9.1; 1301; 1008; 1008
9.2; 1267; 1009; 1010
9.3; 1266; 996; 1029
9.4; 1269; 1020; 987
9.5; 1270; 994; 1033
9.6; 1300; 987; 1012
9.7; 1284; 1040; 1017
9.8; 1261; 1003; 993
9.9; 1277; 978; 1012
10.0; 1285; 1031; 991
10.1; 1302; 1040; 1007
10.2; 1299; 1012; 995
10.3; 1300; 988; 995
10.4; 1271; 1024; 1016
10.5; 1279; 983; 982
10.6; 1273; 994; 1008
10.7; 1260; 1013; 1018
10.8; 1263; 1009; 990
10.9; 1260; 980; 1024
11.0; 1279; 1004; 1002
11.1; 1265; 1028; 999
11.2; 1292; 1002; 991
11.3; 1296; 992; 993
11.4; 1257; 993; 983
11.5; 1260; 980; 984
11.6; 1271; 994; 978
11.7; 1288; 983; 1004
11.8; 1280; 990; 1030
11.9; 1264; 1011; 1015
12.0; 1260; 976; 995
12.1; 1269; 1008; 999
12.2; 1263; 1022; 1002
12.3; 1257; 983; 979
12.4; 1276; 1026; 993
12.5; 1287; 995; 1026
12.6; 1265; 997; 1006
12.7; 1272; 1003; 1036
12.8; 1284; 1013; 1030
12.9; 1258; 999; 1007
13.0; 1274; 1017; 1001
13.1; 1270; 1048; 1005
13.2; 1263; 1020; 1012
13.3; 1295; 1040; 1036
13.4; 1283; 1040; 987
13.5; 1291; 999; 978
13.6; 1253; 1011; 1016
13.7; 1278; 1015; 1034
13.8; 1292; 1041; 1015
13.9; 1265; 980; 1023
14.0; 1292; 1020; 1030
14.1; 1290; 1016; 1019
14.2; 1259; 1008; 984
14.3; 1266; 1014; 1002
14.4; 1280; 993; 975
14.5; 1281; 1025; 1030
14.6; 1272; 987; 1019
14.7; 1270; 1030; 977
14.8; 1261; 976; 995
14.9; 1292; 1034; 993
15.0; 1273; 998; 987
15.1; 1254; 1028; 1020
15.2; 1268; 1007; 1024
15.3; 1263; 993; 1035
15.4; 1287; 1017; 1008
15.5; 1292; 1018; 1018
15.6; 1272; 989; 989
15.7; 1279; 1024; 1009
15.8; 1258; 1004; 992
15.9; 1284; 1020; 1019
16.0; 1288; 1030; 975
16.1; 1276; 1014; 1019
16.2; 1261; 1004; 1002
16.3; 1280; 975; 1002
16.4; 1253; 1038; 1010
16.5; 1275; 1004; 995
16.6; 1276; 1029; 1021
16.7; 1253; 986; 994
16.8; 1264; 1008; 981
16.9; 1285; 1038; 1006
17.0; 1253; 1010; 1042
17.1; 1291; 1002; 1006
17.2; 1301; 988; 1006
17.3; 1289; 1022; 1038
17.4; 1298; 987; 996
17.5; 1277; 1018; 1003
17.6; 1268; 1042; 1019
17.7; 1293; 1027; 985
17.8; 1276; 1012; 1029
17.9; 1260; 1002; 1007
18.0; 1263; 1009; 1044
18.1; 1263; 1043; 1036
18.2; 1293; 1029; 1007
18.3; 1292; 1007; 986
18.4; 1293; 1041; 1043
18.5; 1293; 986; 993
18.6; 1268; 1021; 1018
18.7; 1289; 1038; 1042
18.8; 1275; 1041; 1007
18.9; 1295; 982; 1014
19.0; 1262; 1029; 1010
19.1; 1290; 1036; 1032
19.2; 1268; 1022; 1020
19.3; 1263; 977; 1027
19.4; 1276; 1036; 979
19.5; 1275; 986; 979
19.6; 1282; 994; 994
19.7; 1300; 1012; 1030
19.8; 1276; 1004; 987
19.9; 1271; 988; 1026
20.0; 1266; 1017; 1030
20.1; 1272; 987; 999
20.2; 1288; 980; 983
20.3; 1300; 996; 990
20.4; 1263; 976; 990
20.5; 1291; 1028; 1001
20.6; 1268; 1042; 1032
20.7; 1277; 999; 1035
20.8; 1245; 1016; 1006
20.9; 1268; 999; 981
21.0; 1283; 1021; 1031
21.1; 1285; 1010; 987
21.2; 1264; 990; 992
21.3; 1288; 996; 991
21.4; 1288; 1026; 984
21.5; 1280; 1016; 1016
21.6; 1293; 1001; 991
21.7; 1264; 1014; 1038
21.8; 1252; 1021; 1015
21.9; 1262; 1027; 1021
22.0; 1288; 1008; 991
22.1; 1267; 992; 1019
22.2; 1269; 997; 1024
22.3; 1286; 988; 998
22.4; 1278; 1026; 1018
22.5; 1263; 1009; 1010
22.6; 1293; 981; 1002
22.7; 1279; 1024; 1031
22.8; 1272; 1009; 1017
22.9; 1255; 996; 1009
23.0; 1278; 1038; 1020
23.1; 1276; 992; 1016
23.2; 1262; 1022; 1020
23.3; 1278; 1008; 998
23.4; 1262; 1037; 1030
23.5; 1269; 976; 998
23.6; 1286; 986; 983
23.7; 1283; 1001; 1015
23.8; 1261; 1018; 1031
23.9; 1274; 990; 1007
24.0; 1298; 1008; 1018
24.1; 1275; 990; 1028
24.2; 1283; 984; 1012
24.3; 1266; 1011; 998
24.4; 1259; 980; 996
24.5; 1273; 1005; 997
24.6; 1283; 1015; 1018
24.7; 1277; 1040; 1005
24.8; 1284; 1008; 1016
24.9; 1276; 1008; 990
25.0; 1256; 998; 994
25.1; 1279; 995; 1004
25.2; 1265; 1021; 1006
25.3; 1269; 1015; 1034
25.4; 1285; 1026; 999
25.5; 1283; 1008; 1033
25.6; 1292; 1043; 1021
25.7; 1262; 1042; 1017
25.8; 1298; 986; 982
25.9; 1263; 1002; 992
26.0; 1266; 986; 1018
26.1; 1274; 1003; 1018
26.2; 1261; 1028; 1033
26.3; 1259; 1016; 1035
26.4; 1261; 1012; 1021
26.5; 1276; 980; 1021
26.6; 1302; 990; 980
26.7; 1278; 1036; 988
26.8; 1280; 998; 977
26.9; 1275; 1009; 992
27.0; 1302; 1009; 1020
27.1; 1291; 1009; 1000
27.2; 1276; 999; 1018
27.3; 1279; 993; 1010
27.4; 1268; 1034; 987
27.5; 1258; 992; 1006
27.6; 1267; 1024; 989
27.7; 1291; 982; 996
27.8; 1265; 991; 1043
27.9; 1259; 986; 1020
28.0; 1290; 998; 1007
28.1; 1252; 1034; 1014
28.2; 1279; 1044; 996
28.3; 1301; 1012; 991
28.4; 1270; 1015; 975
28.5; 1285; 1019; 1018
28.6; 1263; 984; 1000
28.7; 1271; 1000; 993
28.8; 1280; 1001; 988
28.9; 1253; 1000; 999
29.0; 1285; 1020; 991
29.1; 1260; 981; 973
29.2; 1276; 992; 1009
29.3; 1279; 1000; 1048
29.4; 1259; 973; 994
29.5; 1292; 1026; 987
29.6; 1291; 988; 985
29.7; 1300; 1001; 1013
29.8; 1287; 987; 994
29.9; 1254; 1001; 1007
30.0; 1286; 1015; 1021
30.1; 1278; 1032; 1039
30.2; 1273; 1044; 1009
30.3; 1285; 996; 1004
30.4; 1269; 998; 1004
30.5; 1260; 1014; 984
30.6; 1280; 1044; 1015
30.7; 1254; 1000; 996
30.8; 1282; 989; 981
30.9; 1284; 1016; 980
31.0; 1269; 1025; 1013
31.1; 1268; 978; 992
31.2; 1257; 1001; 998
31.3; 1272; 988; 1024
31.4; 1289; 1014; 991
31.5; 1263; 1005; 1034
31.6; 1288; 1032; 1038
31.7; 1274; 994; 1020
31.8; 1263; 998; 987
31.9; 1257; 1028; 997
32.0; 1261; 1006; 1048
32.1; 1274; 1018; 1006
32.2; 1261; 1018; 1029
32.3; 1296; 994; 1036
32.4; 1286; 1009; 1022
32.5; 1285; 1020; 1004
32.6; 1274; 1027; 991
32.7; 1294; 991; 1028
32.8; 1268; 984; 1033
32.9; 1289; 1011; 1017
33.0; 1281; 991; 982
33.1; 1260; 1006; 1040
33.2; 1258; 1022; 1021
33.3; 1261; 1029; 1012
33.4; 1261; 990; 1038
33.5; 1284; 990; 1046
33.6; 1272; 985; 1009
33.7; 1288; 1008; 992
33.8; 1271; 1002; 1035
33.9; 1282; 990; 1000
34.0; 1278; 1006; 1024
34.1; 1275; 1008; 978
34.2; 1281; 1038; 1000
34.3; 1255; 983; 979
34.4; 1262; 1047; 1042
34.5; 1282; 1028; 1005
34.6; 1288; 1029; 1009
34.7; 1255; 1012; 1027
34.8; 1275; 1018; 1036
34.9; 1274; 976; 1000
35.0; 1288; 1010; 1036
35.1; 1251; 1028; 998
35.2; 1266; 1025; 1000
35.3; 1256; 1022; 1011
35.4; 1269; 988; 1031
35.5; 1280; 1002; 989
35.6; 1282; 1015; 1001
35.7; 1264; 999; 1014
35.8; 1269; 982; 1010
35.9; 1269; 1007; 1019
36.0; 1294; 1019; 1016
36.1; 1285; 1027; 1042
36.2; 1269; 1016; 1024
36.3; 1285; 989; 983
36.4; 1293; 1014; 1003
36.5; 1268; 981; 1005
36.6; 1269; 989; 981
36.7; 1255; 1008; 1020
36.8; 1273; 1019; 1007
36.9; 1285; 1007; 1048
37.0; 1281; 988; 1024
37.1; 1284; 1009; 1005
37.2; 1276; 1011; 1015
37.3; 1261; 1016; 1013
37.4; 1256; 1005; 995
37.5; 1256; 979; 987
37.6; 1273; 978; 1037
37.7; 1264; 979; 1038
37.8; 1263; 999; 1028
37.9; 1269; 980; 1010
38.0; 1261; 1026; 1014
38.1; 1266; 992; 1017
38.2; 1292; 1025; 1001
38.3; 1274; 1038; 986
38.4; 1283; 999; 985
38.5; 1250; 1006; 1024
38.6; 1267; 989; 982
38.7; 1269; 1019; 1004
38.8; 1251; 986; 1002
38.9; 1274; 1007; 1029
39.0; 1286; 1044; 1007
39.1; 1302; 1029; 981
39.2; 1300; 1040; 988
39.3; 1280; 1017; 995
39.4; 1289; 1012; 1008
39.5; 1268; 1007; 1016
39.6; 1284; 1018; 1013
39.7; 1299; 1030; 1005
39.8; 1277; 997; 1006
39.9; 1260; 1011; 1015
40.0; 1256; 1008; 1019
40.1; 1280; 980; 1027
40.2; 1262; 988; 996
40.3; 1284; 1034; 1000
40.4; 1280; 1006; 1016
40.5; 1280; 1007; 996
40.6; 1297; 1016; 984
40.7; 1276; 991; 1031
40.8; 1292; 999; 1019
40.9; 1252; 986; 1019
41.0; 1293; 1016; 1041
41.1; 1298; 990; 1015
41.2; 1278; 1032; 1017
41.3; 1280; 989; 996
41.4; 1270; 989; 1030
41.5; 1273; 1020; 1015
41.6; 1260; 1026; 1028
41.7; 1266; 1007; 991
41.8; 1269; 1024; 999
41.9; 1288; 990; 990
42.0; 1258; 1024; 1004
42.1; 1267; 983; 1012
42.2; 1279; 1030; 989
42.3; 1278; 1003; 1020
42.4; 1261; 1039; 1006
42.5; 1267; 1002; 998
42.6; 1271; 1015; 1031
42.7; 1268; 1008; 1017
42.8; 1266; 1030; 1008
42.9; 1285; 1017; 992
43.0; 1299; 987; 986
43.1; 1259; 1029; 1005
43.2; 1281; 987; 982
43.3; 1299; 998; 1026
43.4; 1285; 1018; 1035
43.5; 1270; 1016; 1018
43.6; 1284; 1026; 1005
43.7; 1276; 988; 1012
43.8; 1279; 984; 1040
43.9; 1260; 990; 976
44.0; 1264; 1043; 1042
44.1; 1284; 992; 1028
44.2; 1301; 973; 994
44.3; 1273; 1002; 1016
44.4; 1250; 1002; 996
44.5; 1255; 996; 1007
44.6; 1265; 1000; 1047
44.7; 1284; 1021; 1008
44.8; 1289; 1008; 1030
44.9; 1293; 1012; 984
45.0; 1289; 1024; 1010
45.1; 1269; 999; 979
45.2; 1292; 1031; 1005
45.3; 1300; 1025; 1007
45.4; 1272; 996; 1009
45.5; 1281; 980; 1010
45.6; 1290; 1028; 1002
45.7; 1287; 1011; 1002
45.8; 1284; 1009; 996
45.9; 1269; 999; 997
46.0; 1293; 982; 1036
46.1; 1290; 1007; 1025
46.2; 1295; 1008; 1021
46.3; 1269; 981; 1009
46.4; 1268; 1044; 1002
46.5; 1261; 1031; 1019
46.6; 1292; 980; 994
46.7; 1271; 1008; 1030
46.8; 1278; 1036; 1002
46.9; 1285; 1018; 1019
47.0; 1252; 1000; 981
47.1; 1281; 989; 1015
47.2; 1277; 981; 987
47.3; 1261; 1002; 991
47.4; 1275; 1030; 1008
47.5; 1252; 1024; 1012
47.6; 1272; 990; 1030
47.7; 1276; 1006; 990
47.8; 1301; 995; 980
47.9; 1283; 1016; 1033
48.0; 1261; 1021; 990
48.1; 1268; 989; 1001
48.2; 1302; 1036; 1029
48.3; 1285; 1042; 1020
48.4; 1270; 996; 980
48.5; 1289; 1026; 977
48.6; 1288; 1015; 992
48.7; 1292; 1017; 1004
48.8; 1273; 986; 1022
48.9; 1277; 1042; 1043
49.0; 1277; 1000; 1005
49.1; 1276; 1029; 1010
49.2; 1280; 995; 1004
49.3; 1274; 1032; 994
49.4; 1265; 996; 997
49.5; 1279; 989; 990
49.6; 1275; 1008; 1010
49.7; 1284; 995; 1026
49.8; 1293; 1020; 991
49.9; 1288; 1038; 1005
50.0; 1257; 978; 980
50.1; 1262; 1037; 1002
50.2; 1268; 1044; 989
50.3; 1270; 988; 1002
50.4; 1261; 1029; 1014
50.5; 1291; 997; 1030
50.6; 1273; 993; 994
50.7; 1260; 1031; 1015
50.8; 1261; 1008; 1017
50.9; 1292; 1022; 1027
51.0; 1281; 994; 991
51.1; 1296; 1034; 1004
51.2; 1287; 1003; 1030
51.3; 1287; 1024; 1006
51.4; 1249; 1025; 994
51.5; 1299; 1010; 998
51.6; 1252; 1031; 1001
51.7; 1291; 1001; 989
51.8; 1291; 997; 1007
51.9; 1297; 986; 1015
52.0; 1259; 986; 1012
52.1; 1293; 1008; 1022
52.2; 1271; 1007; 999
52.3; 1264; 1013; 984
52.4; 1256; 1004; 1012
52.5; 1286; 981; 999
52.6; 1261; 989; 999
52.7; 1287; 988; 987
52.8; 1252; 994; 1017
52.9; 1284; 1034; 988
53.0; 1276; 1021; 1014
53.1; 1276; 1006; 994
53.2; 1301; 1009; 1018
53.3; 1260; 1009; 1028
53.4; 1282; 983; 1034
53.5; 1288; 1008; 991
53.6; 1280; 1020; 986
53.7; 1282; 1028; 1004
53.8; 1254; 1024; 1024
53.9; 1275; 1014; 1007
54.0; 1282; 989; 1006
54.1; 1293; 1029; 1048
54.2; 1292; 1006; 1007
54.3; 1270; 1030; 1018
54.4; 1261; 1025; 989
54.5; 1255; 1014; 1012
54.6; 1264; 1001; 1011
54.7; 1267; 983; 1018
54.8; 1292; 987; 990
54.9; 1290; 987; 1002
55.0; 1291; 998; 1002
55.1; 1281; 978; 991
55.2; 1268; 1038; 1029
55.3; 1292; 1041; 1019
55.4; 1261; 1036; 989
55.5; 1266; 997; 1015
55.6; 1254; 1012; 1032
55.7; 1271; 1017; 1039
55.8; 1256; 996; 1032
55.9; 1287; 1020; 1004
56.0; 1284; 1030; 1026
56.1; 1256; 977; 1005
56.2; 1257; 1008; 1013
56.3; 1255; 980; 1012
56.4; 1252; 1015; 1024
56.5; 1264; 1024; 1033
56.6; 1286; 1026; 1048
56.7; 1262; 1002; 998
56.8; 1288; 1009; 990
56.9; 1298; 1020; 1002
57.0; 1278; 998; 1005
57.1; 1271; 974; 977
57.2; 1268; 1010; 999
57.3; 1284; 975; 986
57.4; 1283; 1020; 996
57.5; 1274; 1034; 1000
57.6; 1260; 1003; 1003
57.7; 1285; 999; 996
57.8; 1293; 1015; 1015
57.9; 1283; 1027; 1027
58.0; 1265; 988; 987
58.1; 1268; 981; 996
58.2; 1266; 1005; 1003
58.3; 1283; 1026; 1032
58.4; 1261; 1041; 1007
58.5; 1284; 994; 1016
58.6; 1294; 1015; 1004
58.7; 1283; 1038; 999
58.8; 1282; 1046; 1020
58.9; 1284; 988; 999
59.0; 1260; 982; 1012
59.1; 1269; 1027; 1002
59.2; 1258; 980; 989
59.3; 1283; 1033; 1010
59.4; 1279; 985; 1014
59.5; 1289; 978; 994
59.6; 1279; 1007; 1010
59.7; 1285; 1013; 1013
59.8; 1269; 1036; 988
59.9; 1285; 1032; 994
60.0; 1275; 988; 1019
60.1; 1267; 991; 1016
60.2; 1276; 986; 989
60.3; 1263; 1019; 1004
60.4; 1261; 1021; 1024
60.5; 1287; 1032; 997
60.6; 1275; 1008; 1030
60.7; 1277; 980; 981
60.8; 1301; 1028; 1001
60.9; 1258; 988; 997
61.0; 1281; 1024; 1000
61.1; 1273; 1006; 1022
61.2; 1290; 1001; 1012
61.3; 1267; 1030; 1030
61.4; 1267; 1015; 1000
61.5; 1274; 1030; 1015
61.6; 1287; 1024; 997
61.7; 1269; 998; 1005
61.8; 1291; 1002; 1028
61.9; 1282; 998; 986
62.0; 1291; 1011; 1018
62.1; 1288; 1011; 1026
62.2; 1299; 1001; 978
62.3; 1288; 1000; 1023
62.4; 1288; 1034; 995
62.5; 1261; 1046; 1045
62.6; 1271; 1017; 976
62.7; 1278; 1017; 1024
62.8; 1274; 979; 996
62.9; 1282; 1018; 986
63.0; 1272; 1019; 1007
63.1; 1271; 1009; 1026
63.2; 1278; 981; 984
63.3; 1269; 997; 1015
63.4; 1285; 992; 1003
63.5; 1294; 1028; 1028
63.6; 1281; 1015; 1005
63.7; 1284; 1020; 1026
63.8; 1265; 1028; 1028
63.9; 1279; 1039; 1030
64.0; 1301; 1009; 1022
64.1; 1257; 985; 987
64.2; 1264; 1014; 986
64.3; 1292; 1012; 1027
64.4; 1286; 984; 1028
64.5; 1280; 1017; 992
64.6; 1283; 1012; 993
64.7; 1287; 1000; 1018
64.8; 1301; 992; 1030
64.9; 1251; 1010; 1018
65.0; 1297; 990; 976
65.1; 1303; 1042; 1029
65.2; 1269; 1033; 1001
65.3; 1256; 996; 984
65.4; 1301; 1025; 1029
65.5; 1260; 988; 990
65.6; 1290; 994; 971
65.7; 1263; 1017; 1010
65.8; 1264; 1026; 992
65.9; 1296; 989; 1005
66.0; 1274; 994; 1003
66.1; 1264; 1002; 1025
66.2; 1288; 994; 996
66.3; 1261; 1036; 1041
66.4; 1286; 1030; 1030
66.5; 1299; 1000; 1025
66.6; 1276; 1002; 1004
66.7; 1269; 992; 1004
66.8; 1288; 1012; 1029
66.9; 1284; 983; 1015
67.0; 1261; 1018; 1035
67.1; 1285; 1024; 1033
67.2; 1257; 1041; 1021
67.3; 1267; 976; 982
67.4; 1288; 994; 1003
67.5; 1261; 1023; 1032
67.6; 1301; 1014; 1014
67.7; 1267; 1009; 998
67.8; 1293; 989; 1007
67.9; 1284; 1013; 995
68.0; 1255; 989; 1010
68.1; 1265; 1030; 1015
68.2; 1269; 986; 994
68.3; 1273; 1017; 988
68.4; 1262; 969; 978
68.5; 1258; 981; 1010
68.6; 1256; 1017; 1013
68.7; 1262; 1005; 1028
68.8; 1269; 1004; 1001
68.9; 1293; 1034; 987
69.0; 1282; 1008; 1012
69.1; 1274; 999; 1008
69.2; 1292; 1022; 1027
69.3; 1272; 977; 1012
69.4; 1273; 998; 994
69.5; 1273; 1031; 1002
69.6; 1288; 998; 1021
69.7; 1281; 1009; 1011
69.8; 1261; 1026; 992
69.9; 1275; 1029; 997
70.0; 1273; 1011; 982
70.1; 1288; 1030; 1016
70.2; 1259; 989; 1014
70.3; 1273; 1005; 990
70.4; 1291; 1030; 1015
70.5; 1276; 1028; 999
70.6; 1265; 987; 1029
70.7; 1284; 1025; 992
70.8; 1291; 992; 1001
70.9; 1290; 1002; 1005
71.0; 1258; 998; 984
71.1; 1261; 1019; 1022
71.2; 1283; 1007; 1028
71.3; 1279; 1005; 1014
71.4; 1279; 996; 1015
71.5; 1255; 990; 1009
71.6; 1292; 1024; 998
71.7; 1290; 1003; 1032
71.8; 1278; 1022; 1018
71.9; 1282; 1033; 980
72.0; 1291; 1015; 975
72.1; 1264; 1049; 1002
72.2; 1284; 1019; 991
72.3; 1274; 1015; 1047
72.4; 1269; 992; 1001
72.5; 1287; 1012; 981
72.6; 1274; 1001; 1008
72.7; 1285; 991; 1031
72.8; 1281; 1019; 1037
72.9; 1286; 1024; 1028
73.0; 1289; 1036; 1014
73.1; 1290; 1019; 982
73.2; 1291; 1006; 1030
73.3; 1300; 990; 981
73.4; 1273; 1048; 1014
73.5; 1264; 1005; 995
73.6; 1300; 1026; 1002
73.7; 1264; 1042; 1010
73.8; 1293; 1048; 986
73.9; 1301; 1018; 998
74.0; 1277; 994; 1006
74.1; 1269; 988; 999
74.2; 1293; 993; 995
74.3; 1269; 994; 989
74.4; 1292; 1020; 1026
74.5; 1276; 1015; 993
74.6; 1260; 1002; 1000
74.7; 1280; 1013; 1002
74.8; 1299; 1003; 1010
74.9; 1282; 999; 1034
75.0; 1259; 976; 1024
75.1; 1273; 1006; 989
75.2; 1260; 972; 1024
75.3; 1284; 1007; 1009
75.4; 1291; 983; 1037
75.5; 1285; 990; 998
75.6; 1266; 1015; 1027
75.7; 1273; 1009; 1002
75.8; 1272; 1031; 983
75.9; 1282; 1019; 1005
76.0; 1258; 1034; 1029
76.1; 1272; 1030; 1001
76.2; 1278; 1000; 1029
76.3; 1287; 1018; 996
76.4; 1273; 1009; 1030
76.5; 1261; 990; 1048
76.6; 1277; 1011; 994
76.7; 1273; 993; 1002
76.8; 1273; 1035; 1029
76.9; 1292; 1005; 983
77.0; 1286; 1042; 991
77.1; 1261; 996; 1014
77.2; 1263; 1036; 1004
77.3; 1274; 1040; 1020
77.4; 1287; 1054; 996
77.5; 1259; 996; 984
77.6; 1280; 999; 1011
77.7; 1284; 1022; 1038
77.8; 1285; 1014; 1025
77.9; 1282; 1005; 1032
78.0; 1269; 1003; 999
78.1; 1290; 1032; 991
78.2; 1285; 989; 982
78.3; 1253; 988; 1038
78.4; 1287; 995; 1010
78.5; 1270; 1024; 985
78.6; 1277; 1010; 998
78.7; 1273; 986; 1037
78.8; 1290; 1012; 1004
78.9; 1288; 1013; 1022
79.0; 1277; 1046; 1032
79.1; 1291; 1021; 982
79.2; 1293; 1007; 1016
79.3; 1269; 992; 994
79.4; 1261; 1009; 1026
79.5; 1286; 1026; 1015
79.6; 1280; 1009; 1005
79.7; 1278; 992; 999
79.8; 1276; 1000; 1040
79.9; 1266; 990; 990
80.0; 1300; 1038; 1031
80.1; 1272; 983; 1007
80.2; 1257; 1008; 1014
80.3; 1275; 1031; 1031
80.4; 1261; 1018; 1010
80.5; 1282; 1029; 1003
80.6; 1269; 987; 987
80.7; 1287; 1029; 1029
80.8; 1264; 1014; 1040
80.9; 1261; 1018; 1011
81.0; 1277; 1025; 994
81.1; 1293; 994; 988
81.2; 1278; 987; 1007
81.3; 1297; 1002; 1021
81.4; 1273; 1036; 1025
81.5; 1290; 1008; 999
81.6; 1261; 1001; 1013
81.7; 1265; 1030; 1040
81.8; 1272; 1005; 1010
81.9; 1276; 1035; 1022
82.0; 1271; 981; 1036
82.1; 1291; 1005; 1025
82.2; 1282; 1029; 1019
82.3; 1270; 1016; 1005
82.4; 1263; 982; 1035
82.5; 1276; 980; 986
82.6; 1288; 986; 1014
82.7; 1261; 1041; 984
82.8; 1272; 1036; 1028
82.9; 1293; 991; 1018
83.0; 1299; 1001; 999
83.1; 1301; 1011; 999
83.2; 1265; 1032; 1037
83.3; 1292; 1038; 998
83.4; 1269; 1010; 1017
83.5; 1270; 1011; 1021
83.6; 1261; 1002; 1014
83.7; 1272; 1033; 999
83.8; 1288; 996; 1007
83.9; 1281; 992; 1016
84.0; 1265; 999; 1002
84.1; 1288; 977; 973
84.2; 1277; 998; 1025
84.3; 1257; 1006; 1032
84.4; 1271; 1038; 1015
84.5; 1267; 1030; 986
84.6; 1256; 1031; 1011
84.7; 1271; 1006; 1020
84.8; 1270; 1009; 1036
84.9; 1280; 1005; 993
85.0; 1253; 1040; 1012
85.1; 1293; 1010; 1000
85.2; 1267; 1026; 1003
85.3; 1261; 994; 1003
85.4; 1254; 1002; 1010
85.5; 1285; 1013; 986
85.6; 1261; 1028; 1007
85.7; 1277; 989; 1014
85.8; 1269; 1017; 1014
85.9; 1301; 1001; 1029
86.0; 1276; 1002; 1020
86.1; 1263; 995; 1015
86.2; 1251; 988; 1016
86.3; 1261; 1012; 1024
86.4; 1288; 1024; 1021
86.5; 1293; 1010; 1018
86.6; 1285; 984; 1014
86.7; 1285; 1014; 989
86.8; 1273; 1018; 1015
86.9; 1263; 999; 1032
87.0; 1283; 1000; 1001
87.1; 1272; 998; 1008
87.2; 1269; 1023; 984
87.3; 1282; 1033; 1003
87.4; 1269; 1002; 978
87.5; 1285; 1042; 1003
87.6; 1264; 1042; 1031
87.7; 1281; 1041; 1001
87.8; 1288; 1002; 1022
87.9; 1260; 991; 993
88.0; 1269; 1004; 1026
88.1; 1274; 1019; 1014
88.2; 1285; 1012; 1039
88.3; 1283; 990; 1006
88.4; 1291; 1038; 1021
88.5; 1266; 995; 988
88.6; 1293; 990; 1045
88.7; 1272; 1014; 1011
88.8; 1258; 989; 979
88.9; 1298; 984; 1012
89.0; 1291; 1037; 998
89.1; 1291; 1015; 1022
89.2; 1261; 1036; 1036
89.3; 1283; 1032; 1008
89.4; 1280; 986; 1035
89.5; 1276; 988; 1029
89.6; 1266; 1026; 1022
89.7; 1296; 1017; 1019
89.8; 1265; 1026; 1008
89.9; 1274; 1042; 1001
90.0; 1280; 1033; 1020
90.1; 1267; 983; 990
90.2; 1288; 1015; 1027
90.3; 1294; 1012; 1013
90.4; 1296; 989; 1007
90.5; 1265; 1003; 983
90.6; 1275; 1005; 999
90.7; 1297; 1018; 1022
90.8; 1279; 998; 1040
90.9; 1292; 980; 998
91.0; 1265; 1031; 996
91.1; 1253; 989; 1027
91.2; 1280; 1019; 1007
91.3; 1297; 1028; 1007
91.4; 1281; 1002; 983
91.5; 1276; 1036; 1014
91.6; 1273; 1010; 980
91.7; 1260; 1042; 996
91.8; 1278; 1007; 1001
91.9; 1281; 1006; 1024
92.0; 1266; 1006; 1048
92.1; 1287; 1030; 1009
92.2; 1273; 1016; 999
92.3; 1286; 1033; 986
92.4; 1266; 1002; 995
92.5; 1260; 1028; 994
92.6; 1289; 991; 1024
92.7; 1269; 990; 998
92.8; 1297; 994; 986
92.9; 1269; 1017; 991
93.0; 1302; 1046; 1022
93.1; 1265; 1006; 990
93.2; 1282; 978; 985
93.3; 1274; 1019; 1028
93.4; 1275; 998; 1040
93.5; 1275; 1009; 993
93.6; 1267; 1004; 1007
93.7; 1256; 985; 1006
93.8; 1297; 1030; 1017
93.9; 1280; 1013; 989
94.0; 1276; 992; 1015
94.1; 1260; 974; 1025
94.2; 1297; 1019; 1008
94.3; 1284; 1051; 1026
94.4; 1280; 983; 1007
94.5; 1292; 1029; 1003
94.6; 1281; 1019; 1008
94.7; 1249; 990; 1003
94.8; 1271; 1006; 981
94.9; 1256; 1018; 1037
95.0; 1265; 978; 1012
95.1; 1300; 989; 998
95.2; 1251; 976; 994
95.3; 1278; 1011; 981
95.4; 1276; 1012; 1025
95.5; 1301; 988; 1012
95.6; 1292; 1032; 1028
95.7; 1263; 1015; 1015
95.8; 1263; 1001; 999
95.9; 1285; 1004; 1036
96.0; 1289; 1001; 991
96.1; 1284; 1038; 1009
96.2; 1281; 1007; 973
96.3; 1266; 985; 1004
96.4; 1275; 981; 998
96.5; 1302; 1033; 986
96.6; 1279; 994; 985
96.7; 1276; 1006; 993
96.8; 1278; 1012; 1001
96.9; 1288; 990; 980
97.0; 1259; 1000; 1008
97.1; 1279; 1007; 1016
97.2; 1254; 1021; 1042
97.3; 1288; 1032; 1030
97.4; 1284; 1025; 999
97.5; 1261; 1006; 1017
97.6; 1285; 997; 999
97.7; 1288; 992; 997
97.8; 1270; 1024; 990
97.9; 1273; 1014; 1034
98.0; 1258; 1009; 1026
98.1; 1263; 999; 1008
98.2; 1251; 1019; 990
98.3; 1279; 1001; 1000
98.4; 1284; 1013; 1001
98.5; 1273; 1048; 1041
98.6; 1271; 1016; 1006
98.7; 1303; 1019; 990
98.8; 1278; 1011; 996
98.9; 1266; 993; 1017
99.0; 1282; 1010; 982
99.1; 1288; 1003; 1034
99.2; 1283; 1011; 1038
99.3; 1261; 1006; 1045
99.4; 1257; 989; 979
99.5; 1293; 1016; 997
99.6; 1285; 1016; 1020
99.7; 1261; 1002; 1006
99.8; 1278; 996; 996
99.9; 1277; 1022; 998
100.0; 1267; 1023; 1032
