Data: 2018-5-31
Czas: 13.57.20
$$$ DANE POMIAROWE PROCESU $$$
Wypelnienie PWM: 011
Czas zgrzewania: 011
-
t [ms]; I [A]; U [V]; F [kN]
0.1; 1271; 1015; 991
0.2; 1284; 1033; 1021
0.3; 1258; 1014; 993
0.4; 1284; 974; 1001
0.5; 1263; 1040; 1029
0.6; 1258; 1009; 1037
0.7; 1289; 1039; 1038
0.8; 1257; 995; 1006
0.9; 1255; 1028; 1011
1.0; 1267; 1009; 986
1.1; 1274; 1004; 992
1.2; 1276; 1006; 981
1.3; 1270; 998; 1043
1.4; 1286; 1002; 988
1.5; 1278; 1028; 1026
1.6; 1268; 1000; 981
1.7; 1271; 983; 972
1.8; 1271; 1020; 1018
1.9; 1288; 1015; 1018
2.0; 1266; 1010; 990
2.1; 1280; 992; 968
2.2; 1287; 1020; 1025
2.3; 1286; 998; 990
2.4; 1302; 1010; 1009
2.5; 1289; 1030; 1022
2.6; 1274; 1002; 1034
2.7; 1269; 1037; 1016
2.8; 1292; 988; 985
2.9; 1264; 1000; 1001
3.0; 1269; 986; 981
3.1; 1268; 995; 986
3.2; 1270; 1011; 1030
3.3; 1266; 1039; 986
3.4; 1296; 1039; 1028
3.5; 1287; 1038; 966
3.6; 1284; 1031; 1038
3.7; 1259; 989; 970
3.8; 1257; 993; 987
3.9; 1260; 1004; 997
4.0; 1289; 1019; 1017
4.1; 1284; 1009; 1032
4.2; 1291; 1054; 982
4.3; 1275; 1003; 1013
4.4; 1291; 1007; 1006
4.5; 1291; 1032; 1004
4.6; 1294; 1018; 991
4.7; 1274; 1004; 991
4.8; 1268; 1014; 1007
4.9; 1284; 1013; 1034
5.0; 1267; 1018; 996
5.1; 1267; 1002; 994
5.2; 1275; 1031; 991
5.3; 1270; 1015; 1002
5.4; 1265; 981; 1008
5.5; 1282; 1015; 979
5.6; 1287; 1032; 1026
5.7; 1288; 1022; 1013
5.8; 1285; 999; 1038
5.9; 1258; 986; 1030
6.0; 1294; 1004; 917
6.1; 1279; 1015; 956
6.2; 1251; 1005; 1002
6.3; 1278; 1018; 978
6.4; 1266; 1018; 987
6.5; 1284; 975; 989
6.6; 1266; 988; 980
6.7; 1264; 981; 1002
6.8; 1286; 984; 1031
6.9; 1290; 1046; 1029
7.0; 1277; 1015; 1019
7.1; 1255; 1018; 1013
7.2; 1252; 988; 991
7.3; 1274; 994; 1031
7.4; 1276; 1004; 1029
7.5; 1264; 1020; 995
7.6; 1260; 1016; 1006
7.7; 1267; 975; 1003
7.8; 1267; 990; 1025
7.9; 1289; 988; 976
8.0; 1270; 1019; 977
8.1; 1255; 987; 988
8.2; 1263; 1024; 986
8.3; 1268; 1048; 1008
8.4; 1286; 1020; 1000
8.5; 1289; 1029; 996
8.6; 1258; 971; 998
8.7; 1262; 1015; 1024
8.8; 1281; 988; 995
8.9; 1261; 1015; 975
9.0; 1278; 1011; 1021
9.1; 1261; 1001; 987
9.2; 1269; 1026; 1017
9.3; 1266; 1024; 999
9.4; 1265; 1005; 973
9.5; 1268; 993; 999
9.6; 1283; 990; 997
9.7; 1259; 990; 1002
9.8; 1291; 983; 1031
9.9; 1274; 987; 988
10.0; 1276; 1008; 1003
10.1; 1302; 1020; 1009
10.2; 1262; 1007; 999
10.3; 1292; 993; 1022
10.4; 1256; 1006; 1009
10.5; 1291; 1015; 1006
10.6; 1269; 989; 1012
10.7; 1259; 1010; 995
10.8; 1270; 1016; 1000
10.9; 1274; 1017; 978
11.0; 1285; 1041; 1001
11.1; 1293; 1016; 1016
11.2; 1265; 1019; 991
11.3; 1302; 1033; 1026
11.4; 1281; 1012; 1029
11.5; 1274; 1017; 969
11.6; 1271; 1000; 1019
11.7; 1291; 1005; 1006
11.8; 1292; 1014; 1003
11.9; 1276; 993; 988
12.0; 1277; 1006; 1006
12.1; 1291; 1031; 999
12.2; 1295; 1027; 988
12.3; 1287; 1004; 1000
12.4; 1276; 1016; 997
12.5; 1287; 976; 989
12.6; 1274; 996; 1000
12.7; 1262; 1020; 1017
12.8; 1258; 1030; 1005
12.9; 1271; 995; 971
13.0; 1270; 1005; 990
13.1; 1288; 1034; 998
13.2; 1287; 1021; 1030
13.3; 1271; 992; 992
13.4; 1281; 1037; 988
13.5; 1295; 1045; 1018
13.6; 1260; 1017; 1019
13.7; 1292; 981; 990
13.8; 1275; 991; 1014
13.9; 1293; 1012; 1028
14.0; 1284; 1031; 998
14.1; 1283; 980; 986
14.2; 1295; 1008; 980
14.3; 1275; 985; 1001
14.4; 1269; 1012; 1002
14.5; 1302; 998; 1005
14.6; 1266; 986; 1015
14.7; 1275; 1005; 1016
14.8; 1268; 1021; 998
14.9; 1274; 1043; 1006
15.0; 1281; 999; 997
15.1; 1269; 1004; 1044
15.2; 1266; 998; 1030
15.3; 1264; 981; 998
15.4; 1290; 1014; 991
15.5; 1261; 1032; 992
15.6; 1262; 1011; 976
15.7; 1290; 1028; 1027
15.8; 1271; 1033; 1036
15.9; 1265; 1024; 994
16.0; 1295; 1002; 984
16.1; 1297; 1018; 1025
16.2; 1271; 1044; 1030
16.3; 1285; 1038; 1025
16.4; 1248; 975; 991
16.5; 1279; 1006; 1003
16.6; 1292; 994; 1021
16.7; 1283; 1020; 1011
16.8; 1262; 1008; 1023
16.9; 1271; 1020; 988
17.0; 1277; 1014; 1002
17.1; 1293; 1020; 992
17.2; 1279; 1012; 991
17.3; 1283; 1022; 1003
17.4; 1276; 989; 999
17.5; 1292; 988; 1019
17.6; 1291; 994; 1016
17.7; 1269; 1024; 1040
17.8; 1258; 1038; 1002
17.9; 1276; 997; 967
18.0; 1281; 1015; 990
18.1; 1277; 1007; 1000
18.2; 1251; 1011; 995
18.3; 1278; 1004; 987
18.4; 1286; 994; 1041
18.5; 1291; 1028; 1031
18.6; 1284; 1018; 1010
18.7; 1275; 994; 1022
18.8; 1249; 1007; 1033
18.9; 1265; 1018; 1000
19.0; 1277; 990; 996
19.1; 1277; 991; 975
19.2; 1260; 1042; 1035
19.3; 1262; 1011; 980
19.4; 1269; 1030; 1001
19.5; 1280; 1008; 992
19.6; 1263; 1036; 1004
19.7; 1273; 1037; 999
19.8; 1271; 1029; 988
19.9; 1279; 1004; 1037
20.0; 1255; 1044; 1020
20.1; 1256; 1003; 1007
20.2; 1270; 1022; 1003
20.3; 1291; 1002; 977
20.4; 1268; 1041; 993
20.5; 1261; 1008; 992
20.6; 1291; 1020; 972
20.7; 1293; 1031; 975
20.8; 1281; 992; 1036
20.9; 1267; 993; 988
21.0; 1258; 1035; 1036
21.1; 1300; 982; 1013
21.2; 1272; 1006; 1003
21.3; 1269; 1000; 999
21.4; 1278; 1006; 989
21.5; 1287; 998; 981
21.6; 1255; 1000; 1016
21.7; 1267; 988; 992
21.8; 1297; 1029; 995
21.9; 1284; 994; 990
22.0; 1274; 1038; 993
22.1; 1281; 1018; 985
22.2; 1285; 985; 987
22.3; 1257; 971; 992
22.4; 1271; 1015; 980
22.5; 1262; 1032; 978
22.6; 1261; 1007; 1007
22.7; 1287; 987; 1003
22.8; 1282; 1035; 976
22.9; 1284; 1022; 1017
23.0; 1295; 992; 889
23.1; 1265; 989; 935
23.2; 1277; 1010; 937
23.3; 1278; 1002; 922
23.4; 1255; 990; 900
23.5; 1301; 1012; 918
23.6; 1281; 972; 1007
23.7; 1268; 994; 973
23.8; 1279; 1010; 1021
23.9; 1273; 986; 985
24.0; 1297; 1002; 1011
24.1; 1287; 1020; 988
24.2; 1264; 1007; 1029
24.3; 1263; 1024; 1020
24.4; 1289; 1028; 991
24.5; 1287; 1005; 999
24.6; 1265; 996; 1001
24.7; 1255; 1030; 997
24.8; 1293; 1002; 1032
24.9; 1272; 1030; 988
25.0; 1262; 1021; 1026
25.1; 1304; 1054; 1028
25.2; 1273; 1025; 980
25.3; 1265; 1028; 972
25.4; 1295; 983; 1020
25.5; 1265; 1023; 1011
25.6; 1268; 1022; 972
25.7; 1275; 1028; 1010
25.8; 1273; 978; 977
25.9; 1292; 1040; 997
26.0; 1271; 1041; 1032
26.1; 1257; 992; 1007
26.2; 1265; 988; 1004
26.3; 1280; 1025; 1012
26.4; 1265; 998; 973
26.5; 1278; 995; 989
26.6; 1256; 1012; 985
26.7; 1277; 1014; 979
26.8; 1275; 1040; 986
26.9; 1275; 1010; 1042
27.0; 1255; 1041; 991
27.1; 1288; 975; 976
27.2; 1255; 1038; 995
27.3; 1296; 1037; 997
27.4; 1265; 1019; 991
27.5; 1265; 1012; 1017
27.6; 1277; 1008; 1017
27.7; 1270; 1000; 998
27.8; 1271; 996; 1015
27.9; 1279; 1041; 984
28.0; 1293; 1046; 1027
28.1; 1281; 997; 1019
28.2; 1282; 1030; 1021
28.3; 1287; 1026; 987
28.4; 1269; 1014; 997
28.5; 1262; 1016; 1021
28.6; 1285; 1006; 1024
28.7; 1285; 1003; 976
28.8; 1268; 1009; 1032
28.9; 1277; 992; 984
29.0; 1250; 1011; 1030
29.1; 1272; 1051; 989
29.2; 1264; 997; 1017
29.3; 1266; 984; 996
29.4; 1249; 984; 991
29.5; 1286; 994; 980
29.6; 1273; 1053; 986
29.7; 1271; 1029; 1021
29.8; 1261; 1022; 1016
29.9; 1280; 988; 1006
30.0; 1281; 1047; 999
30.1; 1290; 1016; 1015
30.2; 1279; 1026; 993
30.3; 1280; 1034; 1034
30.4; 1274; 996; 996
30.5; 1254; 994; 1020
30.6; 1259; 991; 1005
30.7; 1259; 994; 991
30.8; 1261; 991; 988
30.9; 1257; 1018; 1007
31.0; 1262; 999; 988
31.1; 1281; 1010; 1023
31.2; 1272; 983; 997
31.3; 1288; 1038; 1038
31.4; 1261; 1006; 996
31.5; 1265; 1002; 998
31.6; 1261; 988; 1014
31.7; 1267; 1013; 1018
31.8; 1285; 1011; 985
31.9; 1272; 987; 995
32.0; 1288; 990; 1003
32.1; 1271; 1045; 995
32.2; 1278; 1042; 991
32.3; 1266; 992; 1005
32.4; 1259; 1013; 1004
32.5; 1276; 1042; 1003
32.6; 1263; 1038; 1027
32.7; 1288; 1056; 999
32.8; 1253; 1011; 1031
32.9; 1284; 1010; 990
33.0; 1270; 1043; 1028
33.1; 1300; 1008; 1023
33.2; 1291; 974; 1027
33.3; 1282; 1036; 996
33.4; 1284; 991; 985
33.5; 1284; 990; 1004
33.6; 1265; 1047; 996
33.7; 1304; 1029; 1003
33.8; 1296; 1034; 1036
33.9; 1277; 997; 1016
34.0; 1286; 1002; 985
34.1; 1275; 978; 986
34.2; 1277; 997; 1010
34.3; 1278; 1022; 1009
34.4; 1272; 998; 979
34.5; 1269; 999; 1021
34.6; 1290; 1013; 1023
34.7; 1296; 1045; 998
34.8; 1267; 1021; 998
34.9; 1256; 1020; 1013
35.0; 1267; 998; 1014
35.1; 1278; 995; 994
35.2; 1268; 1013; 985
35.3; 1275; 989; 1010
35.4; 1275; 1028; 1003
35.5; 1279; 985; 1003
35.6; 1262; 1024; 999
35.7; 1273; 1024; 984
35.8; 1290; 984; 973
35.9; 1294; 1013; 977
36.0; 1301; 1021; 1004
36.1; 1286; 1003; 985
36.2; 1288; 1029; 1001
36.3; 1281; 1019; 1006
36.4; 1255; 1029; 1019
36.5; 1310; 1007; 988
36.6; 1273; 1013; 978
36.7; 1282; 1034; 978
36.8; 1271; 1014; 1033
36.9; 1278; 995; 1034
37.0; 1277; 998; 1019
37.1; 1297; 1006; 1019
37.2; 1262; 1033; 995
37.3; 1263; 1007; 994
37.4; 1284; 1007; 1012
37.5; 1293; 1050; 986
37.6; 1272; 1030; 1025
37.7; 1298; 1004; 1028
37.8; 1255; 1000; 1003
37.9; 1276; 1032; 1011
38.0; 1290; 998; 1001
38.1; 1269; 1007; 987
38.2; 1294; 1020; 1015
38.3; 1278; 1027; 1026
38.4; 1265; 988; 1022
38.5; 1285; 989; 1000
38.6; 1294; 981; 997
38.7; 1279; 1032; 996
38.8; 1270; 1003; 1017
38.9; 1267; 1029; 1000
39.0; 1289; 995; 1019
39.1; 1273; 1021; 1006
39.2; 1260; 1011; 988
39.3; 1259; 999; 1013
39.4; 1287; 1014; 1001
39.5; 1289; 999; 1016
39.6; 1258; 1012; 983
39.7; 1268; 991; 1029
39.8; 1258; 1006; 979
39.9; 1260; 1033; 986
40.0; 1264; 1041; 994
40.1; 1262; 1011; 1020
40.2; 1267; 1004; 979
40.3; 1256; 1030; 1030
40.4; 1264; 978; 1041
40.5; 1294; 1033; 1028
40.6; 1258; 981; 989
40.7; 1257; 1025; 1039
40.8; 1281; 993; 991
40.9; 1303; 999; 974
41.0; 1291; 1005; 986
41.1; 1273; 1015; 978
41.2; 1285; 1012; 1009
41.3; 1285; 984; 1010
41.4; 1287; 1001; 996
41.5; 1266; 1003; 1008
41.6; 1263; 1003; 976
41.7; 1278; 1006; 973
41.8; 1280; 1015; 993
41.9; 1270; 1019; 1028
42.0; 1293; 1034; 985
42.1; 1304; 1032; 1013
42.2; 1283; 1004; 1004
42.3; 1291; 988; 1040
42.4; 1290; 1040; 989
42.5; 1275; 1017; 991
42.6; 1282; 999; 1005
42.7; 1276; 1003; 1007
42.8; 1270; 1030; 1018
42.9; 1257; 1020; 986
43.0; 1275; 1004; 987
43.1; 1265; 1020; 1019
43.2; 1284; 1039; 1026
43.3; 1268; 1028; 983
43.4; 1256; 997; 1022
43.5; 1269; 1015; 1032
43.6; 1263; 997; 1019
43.7; 1270; 1008; 1017
43.8; 1265; 1004; 986
43.9; 1268; 1006; 899
44.0; 1286; 1040; 912
44.1; 1271; 981; 926
44.2; 1286; 1033; 939
44.3; 1266; 1001; 908
44.4; 1276; 1001; 983
44.5; 1257; 1017; 991
44.6; 1288; 1015; 990
44.7; 1253; 991; 1011
44.8; 1282; 1028; 1011
44.9; 1291; 1018; 1022
45.0; 1254; 1006; 1043
45.1; 1295; 1027; 984
45.2; 1247; 974; 978
45.3; 1281; 1037; 985
45.4; 1269; 1004; 1029
45.5; 1302; 1003; 1026
45.6; 1255; 1028; 1004
45.7; 1294; 998; 1025
45.8; 1275; 1026; 1033
45.9; 1267; 1041; 1030
46.0; 1296; 984; 969
46.1; 1301; 1018; 994
46.2; 1291; 1053; 1028
46.3; 1272; 992; 1014
46.4; 1266; 1015; 1030
46.5; 1289; 1006; 1000
46.6; 1303; 1010; 994
46.7; 1275; 992; 1012
46.8; 1259; 1037; 996
46.9; 1282; 996; 991
47.0; 1292; 1006; 991
47.1; 1281; 1015; 939
47.2; 1260; 1002; 918
47.3; 1278; 979; 935
47.4; 1261; 1017; 913
47.5; 1276; 1042; 917
47.6; 1259; 1026; 1017
47.7; 1259; 1037; 1006
47.8; 1276; 1033; 1029
47.9; 1283; 1040; 1010
48.0; 1286; 1006; 967
48.1; 1261; 1006; 986
48.2; 1270; 995; 1004
48.3; 1279; 1007; 997
48.4; 1279; 1021; 1000
48.5; 1282; 1016; 1013
48.6; 1269; 1031; 1034
48.7; 1284; 993; 974
48.8; 1301; 1042; 1012
48.9; 1279; 1004; 989
49.0; 1271; 1007; 1018
49.1; 1274; 991; 990
49.2; 1301; 1015; 1004
49.3; 1279; 1014; 1024
49.4; 1259; 1007; 1003
49.5; 1277; 1024; 986
49.6; 1298; 1005; 1029
49.7; 1267; 1040; 1017
49.8; 1272; 1015; 994
49.9; 1280; 1005; 987
50.0; 1276; 1027; 974
50.1; 1277; 1020; 1024
50.2; 1272; 1009; 987
50.3; 1281; 994; 1020
50.4; 1277; 999; 988
50.5; 1284; 988; 983
50.6; 1283; 1035; 981
50.7; 1290; 1011; 983
50.8; 1259; 1008; 1031
50.9; 1300; 1034; 996
51.0; 1287; 1012; 981
51.1; 1278; 1036; 1015
51.2; 1275; 1007; 996
51.3; 1270; 1003; 974
51.4; 1286; 1011; 997
51.5; 1274; 986; 1003
51.6; 1256; 997; 1018
51.7; 1265; 995; 1005
51.8; 1274; 975; 1018
51.9; 1289; 1037; 1033
52.0; 1289; 989; 982
52.1; 1274; 1004; 985
52.2; 1261; 1038; 1038
52.3; 1272; 994; 987
52.4; 1286; 1034; 1005
52.5; 1266; 1031; 997
52.6; 1268; 1041; 990
52.7; 1266; 1027; 1015
52.8; 1277; 1025; 1000
52.9; 1305; 1025; 1017
53.0; 1291; 1004; 1011
53.1; 1282; 1007; 1042
53.2; 1271; 1024; 1027
53.3; 1278; 989; 994
53.4; 1283; 1033; 971
53.5; 1300; 1027; 1018
53.6; 1264; 991; 980
53.7; 1265; 1041; 991
53.8; 1267; 1008; 1045
53.9; 1259; 975; 1022
54.0; 1295; 1030; 1026
54.1; 1250; 993; 973
54.2; 1274; 1002; 1016
54.3; 1280; 1033; 1010
54.4; 1303; 1004; 1030
54.5; 1280; 995; 1006
54.6; 1281; 998; 1015
54.7; 1290; 1008; 993
54.8; 1283; 1020; 1005
54.9; 1255; 996; 1002
55.0; 1260; 1035; 1017
55.1; 1272; 1018; 1003
55.2; 1280; 995; 1029
55.3; 1268; 1019; 1035
55.4; 1286; 1002; 1028
55.5; 1263; 1006; 986
55.6; 1266; 1054; 1031
55.7; 1266; 1022; 985
55.8; 1284; 1040; 1022
55.9; 1302; 1024; 981
56.0; 1280; 1032; 996
56.1; 1275; 1017; 996
56.2; 1256; 990; 987
56.3; 1294; 1010; 1010
56.4; 1296; 1015; 1007
56.5; 1290; 1013; 987
56.6; 1275; 1001; 982
56.7; 1286; 991; 974
56.8; 1268; 993; 965
56.9; 1289; 988; 990
57.0; 1253; 1031; 1014
57.1; 1277; 1040; 1002
57.2; 1290; 1010; 1024
57.3; 1287; 1009; 1020
57.4; 1278; 1015; 1025
57.5; 1275; 978; 981
57.6; 1274; 1041; 991
57.7; 1287; 1013; 1035
57.8; 1259; 1032; 1007
57.9; 1278; 1003; 1007
58.0; 1303; 1037; 1002
58.1; 1290; 1035; 978
58.2; 1259; 1004; 1004
58.3; 1285; 982; 1013
58.4; 1292; 987; 991
58.5; 1276; 1023; 1010
58.6; 1286; 988; 1025
58.7; 1275; 1034; 991
58.8; 1286; 1040; 994
58.9; 1290; 1023; 973
59.0; 1278; 1019; 1004
59.1; 1293; 1010; 983
59.2; 1260; 1012; 989
59.3; 1283; 981; 1007
59.4; 1298; 982; 980
59.5; 1270; 1000; 993
59.6; 1260; 1018; 1015
59.7; 1285; 1036; 980
59.8; 1288; 999; 1019
59.9; 1268; 1010; 972
60.0; 1261; 1007; 1005
60.1; 1279; 999; 1014
60.2; 1283; 1006; 988
60.3; 1283; 1039; 1022
60.4; 1276; 1002; 1003
60.5; 1282; 1037; 990
60.6; 1253; 996; 936
60.7; 1269; 1018; 896
60.8; 1276; 977; 922
60.9; 1280; 995; 884
61.0; 1284; 1013; 885
61.1; 1291; 1022; 929
61.2; 1287; 1041; 936
61.3; 1264; 1003; 931
61.4; 1254; 1005; 921
61.5; 1257; 996; 943
61.6; 1292; 991; 1018
61.7; 1268; 986; 998
61.8; 1273; 1023; 1036
61.9; 1269; 1008; 1001
62.0; 1271; 988; 1021
62.1; 1283; 996; 1016
62.2; 1262; 1035; 1017
62.3; 1287; 1035; 1024
62.4; 1259; 1019; 980
62.5; 1294; 1012; 1039
62.6; 1270; 989; 1022
62.7; 1261; 1004; 974
62.8; 1265; 1030; 975
62.9; 1246; 1009; 1008
63.0; 1292; 1030; 974
63.1; 1300; 984; 985
63.2; 1276; 1024; 1020
63.3; 1265; 1001; 1019
63.4; 1272; 990; 1038
63.5; 1288; 987; 978
63.6; 1259; 988; 986
63.7; 1270; 990; 1003
63.8; 1299; 980; 979
63.9; 1278; 1012; 1020
64.0; 1260; 991; 991
64.1; 1250; 1015; 1020
64.2; 1250; 1009; 1019
64.3; 1265; 1025; 1033
64.4; 1264; 1004; 1033
64.5; 1269; 1002; 993
64.6; 1271; 1044; 984
64.7; 1300; 1054; 1014
64.8; 1269; 1049; 1024
64.9; 1261; 1024; 991
65.0; 1283; 981; 1028
65.1; 1276; 1034; 1017
65.2; 1270; 1036; 1031
65.3; 1260; 978; 1003
65.4; 1268; 983; 999
65.5; 1259; 1032; 1006
65.6; 1287; 1015; 972
65.7; 1259; 992; 1039
65.8; 1281; 1007; 1017
65.9; 1281; 996; 1032
66.0; 1270; 1009; 1024
66.1; 1260; 985; 1033
66.2; 1285; 1028; 1017
66.3; 1273; 993; 997
66.4; 1247; 993; 1016
66.5; 1277; 1030; 979
66.6; 1275; 1005; 1004
66.7; 1257; 1004; 1020
66.8; 1275; 999; 978
66.9; 1281; 1011; 902
67.0; 1296; 1012; 927
67.1; 1277; 1002; 891
67.2; 1280; 1005; 935
67.3; 1262; 985; 905
67.4; 1265; 1040; 954
67.5; 1259; 1017; 926
67.6; 1288; 998; 909
67.7; 1275; 1005; 963
67.8; 1264; 991; 1025
67.9; 1292; 982; 989
68.0; 1291; 989; 1033
68.1; 1265; 992; 1000
68.2; 1281; 1004; 1012
68.3; 1284; 993; 974
68.4; 1301; 1037; 1028
68.5; 1269; 988; 972
68.6; 1283; 985; 1007
68.7; 1281; 1011; 1017
68.8; 1296; 992; 1013
68.9; 1283; 1029; 973
69.0; 1256; 986; 1003
69.1; 1275; 1025; 986
69.2; 1255; 1044; 982
69.3; 1289; 980; 976
69.4; 1257; 1018; 1021
69.5; 1263; 1004; 994
69.6; 1273; 1015; 1017
69.7; 1272; 1035; 1021
69.8; 1275; 1030; 1011
69.9; 1282; 1019; 1003
70.0; 1283; 1008; 987
70.1; 1263; 1053; 1018
70.2; 1293; 1019; 1037
70.3; 1285; 1026; 996
70.4; 1281; 1000; 1043
70.5; 1286; 983; 1013
70.6; 1268; 998; 1013
70.7; 1284; 1010; 969
70.8; 1286; 1024; 991
70.9; 1277; 1024; 994
71.0; 1269; 1020; 1000
71.1; 1293; 1028; 972
71.2; 1261; 1009; 1016
71.3; 1251; 975; 1003
71.4; 1261; 1015; 973
71.5; 1276; 1000; 1021
71.6; 1264; 1010; 989
71.7; 1260; 998; 979
71.8; 1260; 998; 1029
71.9; 1254; 1025; 1031
72.0; 1262; 1028; 1006
72.1; 1273; 1030; 1010
72.2; 1298; 1019; 988
72.3; 1276; 1014; 985
72.4; 1271; 1016; 991
72.5; 1295; 1012; 1025
72.6; 1274; 998; 1007
72.7; 1269; 1010; 964
72.8; 1284; 1036; 994
72.9; 1287; 1007; 998
73.0; 1269; 1004; 1038
73.1; 1278; 1021; 995
73.2; 1300; 1035; 995
73.3; 1282; 1007; 981
73.4; 1279; 1032; 1017
73.5; 1292; 1009; 1013
73.6; 1282; 977; 974
73.7; 1275; 1034; 1042
73.8; 1289; 1020; 991
73.9; 1273; 1028; 1030
74.0; 1271; 993; 1015
74.1; 1264; 991; 1026
74.2; 1260; 1002; 1049
74.3; 1269; 1000; 1009
74.4; 1300; 1032; 1019
74.5; 1280; 1034; 1005
74.6; 1277; 983; 975
74.7; 1259; 999; 1024
74.8; 1285; 998; 1012
74.9; 1259; 986; 1000
75.0; 1275; 1048; 1043
75.1; 1280; 1030; 997
75.2; 1255; 985; 999
75.3; 1270; 1013; 1005
75.4; 1284; 990; 982
75.5; 1269; 1014; 1003
75.6; 1273; 999; 997
75.7; 1277; 1024; 985
75.8; 1289; 985; 990
75.9; 1266; 1015; 976
76.0; 1282; 1008; 933
76.1; 1294; 1022; 921
76.2; 1282; 1046; 941
76.3; 1286; 994; 900
76.4; 1263; 1004; 906
76.5; 1270; 1037; 940
76.6; 1289; 1010; 918
76.7; 1270; 984; 909
76.8; 1292; 1027; 941
76.9; 1274; 1018; 1005
77.0; 1273; 998; 975
77.1; 1268; 1014; 1003
77.2; 1290; 1018; 988
77.3; 1255; 1004; 1002
77.4; 1279; 999; 980
77.5; 1261; 1026; 985
77.6; 1271; 1017; 1022
77.7; 1252; 984; 993
77.8; 1283; 992; 1011
77.9; 1279; 1012; 985
78.0; 1269; 1015; 992
78.1; 1262; 1006; 993
78.2; 1279; 1039; 994
78.3; 1273; 1045; 998
78.4; 1277; 1015; 988
78.5; 1265; 995; 1016
78.6; 1274; 986; 972
78.7; 1270; 1008; 1037
78.8; 1267; 998; 973
78.9; 1294; 1017; 991
79.0; 1259; 993; 1019
79.1; 1269; 1016; 1009
79.2; 1285; 1012; 986
79.3; 1301; 1018; 985
79.4; 1276; 999; 1014
79.5; 1273; 1010; 999
79.6; 1290; 984; 1011
79.7; 1283; 1030; 1013
79.8; 1268; 998; 1000
79.9; 1290; 976; 993
80.0; 1291; 999; 1027
80.1; 1269; 987; 1012
80.2; 1299; 983; 972
80.3; 1275; 980; 1003
80.4; 1255; 994; 991
80.5; 1266; 1030; 989
80.6; 1277; 988; 973
80.7; 1268; 995; 974
80.8; 1268; 1032; 1026
80.9; 1298; 1036; 982
81.0; 1277; 1049; 996
81.1; 1277; 1005; 975
81.2; 1273; 1006; 1026
81.3; 1264; 999; 994
81.4; 1300; 987; 973
81.5; 1265; 1050; 1007
81.6; 1262; 1017; 1033
81.7; 1288; 1053; 1024
81.8; 1279; 1012; 1042
81.9; 1267; 988; 1012
82.0; 1269; 996; 1016
82.1; 1299; 1004; 1038
82.2; 1269; 1004; 994
82.3; 1253; 996; 1031
82.4; 1273; 1021; 1013
82.5; 1250; 983; 967
82.6; 1266; 1033; 1000
82.7; 1260; 1032; 994
82.8; 1251; 989; 1014
82.9; 1265; 1004; 993
83.0; 1284; 987; 974
83.1; 1287; 1031; 1000
83.2; 1252; 1022; 1019
83.3; 1265; 1004; 997
83.4; 1289; 1033; 975
83.5; 1299; 998; 981
83.6; 1248; 990; 996
83.7; 1281; 996; 1012
83.8; 1309; 1012; 1032
83.9; 1289; 1009; 979
84.0; 1252; 994; 1004
84.1; 1252; 998; 1033
84.2; 1288; 1028; 989
84.3; 1278; 1010; 992
84.4; 1279; 1005; 1019
84.5; 1265; 1018; 1020
84.6; 1278; 998; 1010
84.7; 1257; 1020; 991
84.8; 1281; 1012; 1019
84.9; 1279; 1040; 993
85.0; 1254; 1010; 1019
85.1; 1272; 1004; 1003
85.2; 1272; 1024; 1017
85.3; 1260; 1010; 1036
85.4; 1290; 1001; 992
85.5; 1275; 1037; 990
85.6; 1301; 1006; 1012
85.7; 1273; 980; 1002
85.8; 1270; 1002; 1013
85.9; 1293; 1014; 1033
86.0; 1301; 1009; 973
86.1; 1269; 1032; 1000
86.2; 1284; 1008; 1018
86.3; 1277; 1040; 1034
86.4; 1289; 1037; 974
86.5; 1279; 1018; 990
86.6; 1271; 987; 1025
86.7; 1260; 1004; 985
86.8; 1258; 1000; 1015
86.9; 1273; 1020; 1005
87.0; 1286; 994; 1019
87.1; 1285; 1004; 997
87.2; 1263; 1020; 990
87.3; 1281; 985; 986
87.4; 1291; 1038; 992
87.5; 1273; 1011; 982
87.6; 1261; 999; 1014
87.7; 1278; 986; 1013
87.8; 1295; 1012; 1008
87.9; 1263; 1000; 995
88.0; 1267; 1008; 1000
88.1; 1256; 1011; 1002
88.2; 1285; 1031; 984
88.3; 1268; 1050; 1013
88.4; 1284; 1006; 993
88.5; 1278; 994; 979
88.6; 1264; 1029; 1021
88.7; 1291; 996; 1021
88.8; 1272; 987; 977
88.9; 1263; 1024; 998
89.0; 1255; 1008; 1018
89.1; 1257; 999; 991
89.2; 1261; 1015; 1048
89.3; 1269; 1009; 1034
89.4; 1281; 999; 981
89.5; 1262; 998; 1021
89.6; 1283; 984; 1005
89.7; 1257; 1037; 981
89.8; 1252; 1007; 1009
89.9; 1261; 1002; 990
90.0; 1259; 1024; 1000
90.1; 1289; 1046; 1004
90.2; 1249; 998; 1012
90.3; 1264; 1002; 985
90.4; 1274; 1026; 1003
90.5; 1273; 994; 991
90.6; 1279; 1029; 1036
90.7; 1295; 1038; 977
90.8; 1261; 1047; 977
90.9; 1277; 1002; 996
91.0; 1280; 990; 1000
91.1; 1267; 1033; 1000
91.2; 1260; 987; 988
91.3; 1278; 1030; 1001
91.4; 1293; 1014; 1017
91.5; 1261; 1008; 1011
91.6; 1276; 1008; 1003
91.7; 1269; 1040; 1005
91.8; 1261; 991; 1046
91.9; 1267; 1044; 1036
92.0; 1285; 988; 994
92.1; 1281; 1027; 1016
92.2; 1288; 1010; 997
92.3; 1251; 992; 1043
92.4; 1280; 1031; 1003
92.5; 1286; 1010; 993
92.6; 1295; 1026; 1018
92.7; 1271; 1031; 1004
92.8; 1297; 991; 970
92.9; 1257; 987; 1022
93.0; 1268; 998; 972
93.1; 1262; 1032; 1020
93.2; 1253; 983; 1033
93.3; 1253; 1021; 1014
93.4; 1265; 988; 984
93.5; 1301; 1035; 974
93.6; 1275; 1026; 994
93.7; 1273; 1031; 1038
93.8; 1297; 997; 1007
93.9; 1260; 1022; 977
94.0; 1252; 1003; 1045
94.1; 1289; 988; 968
94.2; 1276; 1011; 1031
94.3; 1290; 1038; 1030
94.4; 1269; 1031; 1033
94.5; 1263; 1024; 990
94.6; 1272; 994; 1033
94.7; 1287; 987; 994
94.8; 1256; 994; 975
94.9; 1288; 983; 995
95.0; 1277; 1022; 1033
95.1; 1268; 1026; 1024
95.2; 1286; 1006; 1002
95.3; 1268; 1037; 994
95.4; 1261; 1025; 1010
95.5; 1269; 1008; 1004
95.6; 1272; 1037; 1015
95.7; 1279; 1031; 1011
95.8; 1266; 997; 1033
95.9; 1268; 992; 995
96.0; 1258; 1035; 997
96.1; 1277; 978; 1013
96.2; 1261; 1037; 988
96.3; 1287; 1044; 976
96.4; 1289; 992; 1028
96.5; 1291; 1018; 1014
96.6; 1264; 1005; 1003
96.7; 1263; 1024; 997
96.8; 1277; 1000; 993
96.9; 1265; 1024; 993
97.0; 1296; 1033; 975
97.1; 1276; 1029; 992
97.2; 1287; 1028; 1024
97.3; 1285; 1014; 982
97.4; 1275; 1013; 1003
97.5; 1253; 978; 1003
97.6; 1270; 1011; 1035
97.7; 1265; 1010; 1002
97.8; 1261; 999; 987
97.9; 1266; 1018; 1044
98.0; 1291; 999; 1022
98.1; 1279; 1005; 988
98.2; 1275; 1030; 1016
98.3; 1262; 979; 998
98.4; 1277; 1010; 1020
98.5; 1254; 1002; 1001
98.6; 1267; 994; 1029
98.7; 1269; 1000; 1029
98.8; 1290; 990; 1003
98.9; 1255; 1035; 1012
99.0; 1271; 1005; 988
99.1; 1289; 1002; 989
99.2; 1259; 1007; 991
99.3; 1261; 1035; 1017
99.4; 1276; 1017; 1021
99.5; 1285; 1044; 1023
99.6; 1274; 1032; 1025
99.7; 1259; 1030; 1024
99.8; 1255; 1032; 987
99.9; 1289; 1044; 1018
100.0; 1261; 990; 1020
