4087 0.1
4095 0.2
4083 0.3
4095 0.4
4091 0.5
4088 0.6
4083 0.7
4095 0.8
4095 0.9
4075 1.0
4095 1.1
4071 1.2
4095 1.3
4091 1.4
4092 1.5
4092 1.6
4095 1.7
4085 1.8
4095 1.9
4095 2.0
4087 2.1
4090 2.2
4090 2.3
4088 2.4
4092 2.5
4082 2.6
4094 2.7
4081 2.8
4094 2.9
4087 3.0
4090 3.1
4087 3.2
4091 3.3
4088 3.4
4084 3.5
4094 3.6
4091 3.7
4095 3.8
4095 3.9
4073 4.0
4094 4.1
4089 4.2
4088 4.3
4084 4.4
4094 4.5
4087 4.6
4095 4.7
4087 4.8
4085 4.9
4087 5.0
4088 5.1
4092 5.2
4082 5.3
4094 5.4
4087 5.5
4095 5.6
4095 5.7
4067 5.8
4088 5.9
4079 6.0
4089 6.1
4082 6.2
4094 6.3
4091 6.4
4095 6.5
4091 6.6
4090 6.7
4094 6.8
4092 6.9
4095 7.0
4078 7.1
4094 7.2
4083 7.3
4095 7.4
4095 7.5
4091 7.6
4090 7.7
4089 7.8
4083 7.9
4095 8.0
4094 8.1
4083 8.2
4095 8.3
4092 8.4
4087 8.5
4091 8.6
4088 8.7
4092 8.8
4089 8.9
4094 9.0
4083 9.1
4095 9.2
4087 9.3
4091 9.4
4091 9.5
4088 9.6
4087 9.7
4080 9.8
4091 9.9
4067 10.0
4095 10.1
4093 10.2
4094 10.3
4090 10.4
4088 10.5
4092 10.6
4084 10.7
4094 10.8
4090 10.9
4095 11.0
4093 11.1
4091 11.2
4075 11.3
4089 11.4
4092 11.5
4082 11.6
4094 11.7
4087 11.8
4074 11.9
4085 12.0
4074 12.1
4094 12.2
4088 12.3
4088 12.4
4092 12.5
4094 12.6
4087 12.7
4095 12.8
4093 12.9
4067 13.0
4090 13.1
4091 13.2
4092 13.3
4082 13.4
4092 13.5
4063 13.6
4079 13.7
4079 13.8
4091 13.9
4091 14.0
4091 14.1
4090 14.2
4078 14.3
4094 14.4
4063 14.5
4095 14.6
4093 14.7
4087 14.8
4080 14.9
4088 15.0
4092 15.1
4087 15.2
4094 15.3
4087 15.4
4095 15.5
4094 15.6
4082 15.7
4094 15.8
4091 15.9
4095 16.0
4095 16.1
4095 16.2
4088 16.3
4095 16.4
4071 16.5
4095 16.6
4091 16.7
4087 16.8
4095 16.9
4095 17.0
4095 17.1
4089 17.2
4095 17.3
4083 17.4
4095 17.5
4087 17.6
4086 17.7
4083 17.8
4087 17.9
4095 18.0
4088 18.1
4086 18.2
4083 18.3
4095 18.4
4087 18.5
4085 18.6
4086 18.7
4095 18.8
4092 18.9
4089 19.0
4095 19.1
4082 19.2
4095 19.3
4071 19.4
4085 19.5
4094 19.6
4095 19.7
4095 19.8
4089 19.9
4095 20.0
4082 20.1
4095 20.2
4091 20.3
4079 20.4
4092 20.5
4095 20.6
4095 20.7
4081 20.8
4077 20.9
4083 21.0
4095 21.1
4091 21.2
4094 21.3
4083 21.4
4095 21.5
4095 21.6
4081 21.7
4095 21.8
4095 21.9
4093 22.0
4091 22.1
4077 22.2
4083 22.3
4094 22.4
4095 22.5
4081 22.6
4095 22.7
4083 22.8
4074 22.9
4071 23.0
4085 23.1
4083 23.2
4095 23.3
4095 23.4
4089 23.5
4095 23.6
4082 23.7
4095 23.8
4083 23.9
4088 24.0
4086 24.1
4095 24.2
4095 24.3
4094 24.4
4095 24.5
4067 24.6
4095 24.7
4087 24.8
4093 24.9
4086 25.0
4095 25.1
4091 25.2
4088 25.3
4095 25.4
4082 25.5
4081 25.6
4093 25.7
4088 25.8
4095 25.9
4095 26.0
4095 26.1
4088 26.2
4095 26.3
4082 26.4
4095 26.5
4091 26.6
4085 26.7
4071 26.8
4089 26.9
4095 27.0
4089 27.1
4095 27.2
4082 27.3
4095 27.4
4091 27.5
4088 27.6
4086 27.7
4095 27.8
4076 27.9
4088 28.0
4095 28.1
4079 28.2
4081 28.3
4091 28.4
4092 28.5
4087 28.6
4095 28.7
4095 28.8
4071 28.9
4095 29.0
4082 29.1
4095 29.2
4091 29.3
4088 29.4
4087 29.5
4095 29.6
4095 29.7
4073 29.8
4077 29.9
4079 30.0
4095 30.1
4087 30.2
4088 30.3
4087 30.4
4095 30.5
4091 30.6
4083 30.7
4095 30.8
4088 30.9
4093 31.0
4091 31.1
4088 31.2
4086 31.3
4095 31.4
4095 31.5
4089 31.6
4095 31.7
4081 31.8
4091 31.9
4091 32.0
4089 32.1
4092 32.2
4080 32.3
4094 32.4
4085 32.5
4095 32.6
4087 32.7
4090 32.8
4083 32.9
4090 33.0
4092 33.1
4082 33.2
4091 33.3
4067 33.4
4095 33.5
4087 33.6
4095 33.7
4078 33.8
4095 33.9
4092 34.0
4066 34.1
4094 34.2
4083 34.3
4095 34.4
4092 34.5
4070 34.6
4091 34.7
4079 34.8
4082 34.9
4094 35.0
4094 35.1
4083 35.2
4087 35.3
4087 35.4
4091 35.5
4095 35.6
4090 35.7
4092 35.8
4091 35.9
4094 36.0
4063 36.1
4088 36.2
4093 36.3
4090 36.4
4087 36.5
4088 36.6
4090 36.7
4072 36.8
4095 36.9
4083 37.0
4095 37.1
4095 37.2
4067 37.3
4091 37.4
4092 37.5
4092 37.6
4080 37.7
4093 37.8
4090 37.9
4095 38.0
4093 38.1
4074 38.2
4091 38.3
4088 38.4
4092 38.5
4068 38.6
4094 38.7
4087 38.8
4090 38.9
4087 39.0
4095 39.1
4090 39.2
4088 39.3
4092 39.4
4082 39.5
4094 39.6
4067 39.7
4095 39.8
4080 39.9
4091 40.0
4090 40.1
4089 40.2
4089 40.3
4082 40.4
4072 40.5
4083 40.6
4095 40.7
4095 40.8
4095 40.9
4087 41.0
4089 41.1
4090 41.2
4080 41.3
4094 41.4
4083 41.5
4095 41.6
4087 41.7
4090 41.8
4063 41.9
4088 42.0
4092 42.1
4084 42.2
4094 42.3
4083 42.4
4095 42.5
4087 42.6
4087 42.7
4087 42.8
4095 42.9
4088 43.0
4066 43.1
4094 43.2
4083 43.3
4095 43.4
4095 43.5
4091 43.6
4094 43.7
4083 43.8
4063 43.9
4080 44.0
4094 44.1
4083 44.2
4093 44.3
4093 44.4
4090 44.5
4091 44.6
4088 44.7
4087 44.8
4092 44.9
4093 45.0
4087 45.1
4095 45.2
4095 45.3
4090 45.4
4091 45.5
4090 45.6
4092 45.7
4090 45.8
4095 45.9
4083 46.0
4095 46.1
4093 46.2
4091 46.3
4091 46.4
4088 46.5
4092 46.6
4082 46.7
4093 46.8
4095 46.9
4095 47.0
4093 47.1
4090 47.2
4090 47.3
4088 47.4
4089 47.5
4064 47.6
4094 47.7
4089 47.8
4074 47.9
4085 48.0
4095 48.1
4091 48.2
4088 48.3
4092 48.4
4078 48.5
4094 48.6
4083 48.7
4095 48.8
4093 48.9
4091 49.0
4091 49.1
4089 49.2
4095 49.3
4082 49.4
4094 49.5
4091 49.6
4095 49.7
4095 49.8
4093 49.9
4090 50.0
0 50.1
13 50.2
0 50.3
6 50.4
0 50.5
0 50.6
0 50.7
8 50.8
22 50.9
1 51.0
50 51.1
0 51.2
34 51.3
2 51.4
0 51.5
0 51.6
8 51.7
21 51.8
0 51.9
48 52.0
2 52.1
4 52.2
2 52.3
0 52.4
0 52.5
8 52.6
20 52.7
30 52.8
18 52.9
1 53.0
6 53.1
32 53.2
15 53.3
0 53.4
9 53.5
21 53.6
1 53.7
21 53.8
0 53.9
0 54.0
0 54.1
0 54.2
0 54.3
8 54.4
22 54.5
1 54.6
12 54.7
0 54.8
36 54.9
5 55.0
13 55.1
0 55.2
8 55.3
22 55.4
0 55.5
33 55.6
0 55.7
37 55.8
3 55.9
0 56.0
0 56.1
8 56.2
22 56.3
5 56.4
33 56.5
0 56.6
8 56.7
0 56.8
0 56.9
0 57.0
9 57.1
21 57.2
2 57.3
41 57.4
0 57.5
5 57.6
2 57.7
20 57.8
0 57.9
0 58.0
22 58.1
0 58.2
6 58.3
0 58.4
5 58.5
4 58.6
1 58.7
0 58.8
0 58.9
30 59.0
0 59.1
24 59.2
0 59.3
5 59.4
0 59.5
0 59.6
0 59.7
38 59.8
22 59.9
0 60.0
10 60.1
0 60.2
22 60.3
1 60.4
0 60.5
0 60.6
37 60.7
10 60.8
1 60.9
45 61.0
0 61.1
13 61.2
0 61.3
0 61.4
18 61.5
38 61.6
22 61.7
0 61.8
1 61.9
0 62.0
8 62.1
0 62.2
0 62.3
0 62.4
21 62.5
22 62.6
1 62.7
52 62.8
11 62.9
6 63.0
1 63.1
0 63.2
11 63.3
8 63.4
21 63.5
20 63.6
26 63.7
2 63.8
7 63.9
0 64.0
0 64.1
1 64.2
0 64.3
21 64.4
1 64.5
0 64.6
26 64.7
10 64.8
0 64.9
0 65.0
0 65.1
0 65.2
20 65.3
2 65.4
0 65.5
0 65.6
39 65.7
1 65.8
0 65.9
0 66.0
0 66.1
4 66.2
1 66.3
0 66.4
29 66.5
10 66.6
0 66.7
0 66.8
4 66.9
0 67.0
31 67.1
1 67.2
0 67.3
4 67.4
12 67.5
2 67.6
0 67.7
1 67.8
0 67.9
20 68.0
1 68.1
0 68.2
0 68.3
14 68.4
0 68.5
20 68.6
0 68.7
0 68.8
2 68.9
0 69.0
24 69.1
0 69.2
12 69.3
2 69.4
0 69.5
0 69.6
0 69.7
22 69.8
2 69.9
0 70.0
0 70.1
7 70.2
2 70.3
0 70.4
0 70.5
0 70.6
24 70.7
0 70.8
0 70.9
0 71.0
8 71.1
1 71.2
0 71.3
0 71.4
0 71.5
22 71.6
1 71.7
0 71.8
0 71.9
39 72.0
3 72.1
0 72.2
1 72.3
0 72.4
22 72.5
0 72.6
9 72.7
0 72.8
39 72.9
4 73.0
0 73.1
0 73.2
0 73.3
22 73.4
0 73.5
21 73.6
26 73.7
11 73.8
1 73.9
0 74.0
0 74.1
0 74.2
21 74.3
1 74.4
3 74.5
0 74.6
12 74.7
2 74.8
0 74.9
7 75.0
0 75.1
22 75.2
1 75.3
0 75.4
19 75.5
8 75.6
0 75.7
0 75.8
0 75.9
0 76.0
32 76.1
3 76.2
0 76.3
28 76.4
20 76.5
2 76.6
0 76.7
1 76.8
0 76.9
20 77.0
0 77.1
0 77.2
20 77.3
6 77.4
1 77.5
0 77.6
0 77.7
0 77.8
22 77.9
0 78.0
0 78.1
9 78.2
9 78.3
0 78.4
0 78.5
11 78.6
0 78.7
23 78.8
0 78.9
6 79.0
27 79.1
22 79.2
0 79.3
0 79.4
2 79.5
0 79.6
20 79.7
1 79.8
0 79.9
26 80.0
8 80.1
0 80.2
0 80.3
1 80.4
0 80.5
50 80.6
0 80.7
0 80.8
0 80.9
26 81.0
3 81.1
2 81.2
0 81.3
3 81.4
26 81.5
0 81.6
0 81.7
27 81.8
9 81.9
1 82.0
0 82.1
0 82.2
0 82.3
21 82.4
4 82.5
0 82.6
0 82.7
32 82.8
0 82.9
0 83.0
0 83.1
0 83.2
22 83.3
0 83.4
0 83.5
0 83.6
8 83.7
0 83.8
7 83.9
0 84.0
0 84.1
22 84.2
0 84.3
0 84.4
0 84.5
1 84.6
1 84.7
0 84.8
1 84.9
0 85.0
23 85.1
2 85.2
0 85.3
0 85.4
9 85.5
0 85.6
0 85.7
0 85.8
0 85.9
22 86.0
4 86.1
0 86.2
4 86.3
8 86.4
1 86.5
0 86.6
1 86.7
0 86.8
14 86.9
3 87.0
4 87.1
0 87.2
16 87.3
1 87.4
0 87.5
2 87.6
0 87.7
20 87.8
0 87.9
18 88.0
0 88.1
6 88.2
0 88.3
0 88.4
1 88.5
0 88.6
22 88.7
0 88.8
0 88.9
1 89.0
11 89.1
1 89.2
0 89.3
0 89.4
0 89.5
24 89.6
4 89.7
0 89.8
0 89.9
39 90.0
2 90.1
0 90.2
1 90.3
0 90.4
12 90.5
0 90.6
0 90.7
28 90.8
38 90.9
2 91.0
0 91.1
0 91.2
0 91.3
40 91.4
4 91.5
3 91.6
0 91.7
21 91.8
0 91.9
1 92.0
0 92.1
0 92.2
19 92.3
2 92.4
0 92.5
0 92.6
0 92.7
0 92.8
0 92.9
0 93.0
0 93.1
22 93.2
0 93.3
16 93.4
22 93.5
37 93.6
1 93.7
0 93.8
0 93.9
0 94.0
24 94.1
1 94.2
13 94.3
0 94.4
8 94.5
0 94.6
0 94.7
0 94.8
19 94.9
21 95.0
30 95.1
0 95.2
0 95.3
32 95.4
0 95.5
0 95.6
0 95.7
0 95.8
22 95.9
1 96.0
0 96.1
1 96.2
7 96.3
4 96.4
0 96.5
0 96.6
0 96.7
22 96.8
0 96.9
0 97.0
13 97.1
24 97.2
2 97.3
0 97.4
2 97.5
0 97.6
5 97.7
0 97.8
0 97.9
22 98.0
8 98.1
0 98.2
0 98.3
0 98.4
0 98.5
19 98.6
0 98.7
0 98.8
0 98.9
29 99.0
1 99.1
0 99.2
0 99.3
0 99.4
22 99.5
0 99.6
0 99.7
18 99.8
12 99.9
2 100.0
